940
940
944
944
944
944
944
942
942
942
942
942
942
949
949
949
949
949
948
948
948
948
948
940
940
940
940
940
940
941
941
941
941
941
945
945
945
945
945
949
949
949
949
949
949
937
937
937
937
937
950
950
950
950
950
953
953
953
953
953
953
954
954
954
954
954
946
946
946
946
946
952
952
952
952
952
952
937
937
937
937
937
942
942
942
942
942
949
949
949
949
949
949
956
956
956
956
956
951
951
951
951
951
950
950
950
950
950
950
955
955
955
955
955
943
943
943
943
943
952
952
952
952
952
952
942
942
942
942
942
948
948
948
948
948
937
937
937
937
937
937
950
950
950
950
950
949
949
949
949
949
954
954
954
954
954
954
948
948
948
948
948
948
948
948
948
948
945
945
945
945
945
945
955
955
955
955
955
949
949
949
949
949
943
943
943
943
943
943
943
943
943
943
943
941
941
941
941
941
948
948
948
948
948
948
947
947
947
947
947
950
950
950
950
950
938
938
938
938
938
938
955
955
955
955
955
946
946
946
946
946
936
936
936
936
936
936
943
943
943
943
943
936
936
936
936
936
936
936
936
936
936
936
945
945
945
945
945
948
948
948
948
948
952
952
952
952
952
952
941
941
941
941
941
940
940
940
940
940
938
938
938
938
938
938
955
955
955
955
955
941
941
941
941
941
950
950
950
950
950
950
962
962
962
962
962
942
942
942
942
942
954
954
954
954
954
954
940
940
940
940
940
945
945
945
945
945
942
942
942
942
942
942
942
942
942
942
942
947
947
947
947
947
944
944
944
944
944
944
948
948
948
948
948
937
937
937
937
937
942
942
942
942
942
942
949
949
949
949
949
941
941
941
941
941
949
949
949
949
949
949
933
933
933
933
933
950
950
950
950
950
947
947
947
947
947
947
950
950
950
950
950
941
941
941
941
941
947
947
947
947
947
947
946
946
946
946
946
939
939
939
939
939
942
942
942
942
942
942
937
937
937
937
937
947
947
947
947
947
942
942
942
942
942
942
955
955
955
955
955
944
944
944
944
944
945
945
945
945
945
945
941
941
941
941
941
942
942
942
942
942
943
943
943
943
943
943
937
937
937
937
937
948
948
948
948
948
936
936
936
936
936
936
949
949
949
949
949
939
939
939
939
939
942
942
942
942
942
942
949
949
949
949
949
945
945
945
945
945
953
953
953
953
953
953
940
940
940
940
940
950
950
950
950
950
946
946
946
946
946
946
946
946
946
946
946
943
943
943
943
943
937
937
937
937
937
937
940
940
940
940
940
938
938
938
938
938
939
939
939
939
939
939
944
944
944
944
944
932
932
932
932
932
948
948
948
948
948
948
949
949
949
949
949
940
940
940
940
940
946
946
946
946
946
946
939
939
939
939
939
949
949
949
949
949
945
945
945
945
945
945
942
942
942
942
942
947
947
947
947
947
947
947
947
947
947
947
943
943
943
943
943
949
949
949
949
949
948
948
948
948
948
948
947
947
947
947
947
941
941
941
941
941
948
948
948
948
948
948
949
949
949
949
949
929
929
929
929
929
947
947
947
947
947
947
952
952
952
952
952
949
949
949
949
949
938
938
938
938
938
938
947
947
947
947
947
937
937
937
937
937
940
940
940
940
940
940
945
945
945
945
945
952
952
952
952
952
953
953
953
953
953
953
941
941
941
941
941
945
945
945
945
945
956
956
956
956
956
956
938
938
938
938
938
944
944
944
944
944
946
946
946
946
946
946
942
942
942
942
942
934
934
934
934
934
943
943
943
943
943
943
943
943
943
943
943
934
934
934
934
934
939
939
939
939
939
939
947
947
947
947
947
954
954
954
954
954
948
948
948
948
948
948
944
944
944
944
944
947
947
947
947
947
945
945
945
945
945
945
944
944
944
944
944
942
942
942
942
942
936
936
936
936
936
936
944
944
944
944
944
953
953
953
953
953
955
955
955
955
955
955
943
943
943
943
943
941
941
941
941
941
954
954
954
954
954
954
958
958
958
958
958
948
948
948
948
948
939
939
939
939
939
939
953
953
953
953
953
945
945
945
945
945
939
939
939
939
939
939
949
949
949
949
949
942
942
942
942
942
942
942
942
942
942
942
943
943
943
943
943
942
942
942
942
942
944
944
944
944
944
944
945
945
945
945
945
924
924
924
924
924
963
963
963
963
963
963
950
950
950
950
950
942
942
942
942
942
960
960
960
960
960
960
953
953
953
953
953
946
946
946
946
946
955
955
955
955
955
955
945
945
945
945
945
958
958
958
958
958
947
947
947
947
947
947
944
944
944
944
944
945
945
945
945
945
948
948
948
948
948
948
945
945
945
945
945
945
945
945
945
945
947
947
947
947
947
947
946
946
946
946
946
950
950
950
950
950
947
947
947
947
947
947
940
940
940
940
940
960
960
960
960
960
953
953
953
953
953
953
942
942
942
942
942
945
945
945
945
945
952
952
952
952
952
952
945
945
945
945
945
953
953
953
953
953
953
953
953
953
953
953
950
950
950
950
950
940
940
940
940
940
946
946
946
946
946
946
945
945
945
945
945
952
952
952
952
952
947
947
947
947
947
947
953
953
953
953
953
946
946
946
946
946
932
932
932
932
932
932
947
947
947
947
947
952
952
952
952
952
938
938
938
938
938
938
945
945
945
945
945
945
945
945
945
945
939
939
939
939
939
939
937
937
937
937
937
954
954
954
954
954
948
948
948
948
948
948
941
941
941
941
941
938
938
938
938
938
937
937
937
937
937
937
948
948
948
948
948
958
958
958
958
958
937
937
937
937
937
937
941
941
941
941
941
951
951
951
951
951
947
947
947
947
947
947
939
939
939
939
939
957
957
957
957
957
943
943
943
943
943
943
948
948
948
948
948
945
945
945
945
945
943
943
943
943
943
943
947
947
947
947
947
945
945
945
945
945
950
950
950
950
950
950
944
944
944
944
944
939
939
939
939
939
943
943
943
943
943
943
948
948
948
948
948
949
949
949
949
949
943
943
943
943
943
943
952
952
952
952
952
947
947
947
947
947
951
951
951
951
951
951
943
943
943
943
943
952
952
952
952
952
945
945
945
945
945
945
944
944
944
944
944
945
945
945
945
945
944
944
944
944
944
944
944
944
944
944
944
944
944
944
944
944
944
944
944
944
944
944
947
947
947
947
947
946
946
946
946
946
941
941
941
941
941
941
930
930
930
930
930
944
944
944
944
944
943
943
943
943
943
943
942
942
942
942
942
948
948
948
948
948
945
945
945
945
945
945
948
948
948
948
948
940
940
940
940
940
948
948
948
948
948
948
942
942
942
942
942
953
953
953
953
953
951
951
951
951
951
951
950
950
950
950
950
954
954
954
954
954
950
950
950
950
950
950
945
945
945
945
945
950
950
950
950
950
952
952
952
952
952
952
941
941
941
941
941
956
956
956
956
956
942
942
942
942
942
942
952
952
952
952
952
951
951
951
951
951
938
938
938
938
938
938
951
951
951
951
951
949
949
949
949
949
943
943
943
943
943
943
948
948
948
948
948
945
945
945
945
945
944
944
944
944
944
944
952
952
952
952
952
946
946
946
946
946
946
946
946
946
946
946
948
948
948
948
948
936
936
936
936
936
954
954
954
954
954
954
947
947
947
947
947
945
945
945
945
945
936
936
936
936
936
936
950
950
950
950
950
940
940
940
940
940
959
959
959
959
959
959
948
948
948
948
948
937
937
937
937
937
946
946
946
946
946
946
946
946
946
946
946
946
946
946
946
946
951
951
951
951
951
951
949
949
949
949
949
949
949
949
949
949
935
935
935
935
935
935
948
948
948
948
948
940
940
940
940
940
943
943
943
943
943
943
943
943
943
943
943
953
953
953
953
953
944
944
944
944
944
944
939
939
939
939
939
942
942
942
942
942
940
940
940
940
940
940
953
953
953
953
953
945
945
945
945
945
941
941
941
941
941
941
936
936
936
936
936
950
950
950
950
950
938
938
938
938
938
938
941
941
941
941
941
947
947
947
947
947
947
947
947
947
947
947
939
939
939
939
939
962
962
962
962
962
941
941
941
941
941
941
936
936
936
936
936
940
940
940
940
940
936
936
936
936
936
936
943
943
943
943
943
934
934
934
934
934
940
940
940
940
940
940
947
947
947
947
947
938
938
938
938
938
939
939
939
939
939
939
947
947
947
947
947
948
948
948
948
948
933
933
933
933
933
933
934
934
934
934
934
935
935
935
935
935
940
940
940
940
940
940
951
951
951
951
951
952
952
952
952
952
949
949
949
949
949
949
946
946
946
946
946
948
948
948
948
948
951
951
951
951
951
951
945
945
945
945
945
945
945
945
945
945
939
939
939
939
939
939
948
948
948
948
948
947
947
947
947
947
954
954
954
954
954
954
954
954
954
954
954
941
941
941
941
941
937
937
937
937
937
937
935
935
935
935
935
949
949
949
949
949
937
937
937
937
937
937
942
942
942
942
942
941
941
941
941
941
953
953
953
953
953
953
944
944
944
944
944
944
944
944
944
944
935
935
935
935
935
935
950
950
950
950
950
948
948
948
948
948
954
954
954
954
954
954
949
949
949
949
949
952
952
952
952
952
949
949
949
949
949
949
952
952
952
952
952
946
946
946
946
946
940
940
940
940
940
940
944
944
944
944
944
939
939
939
939
939
939
939
939
939
939
939
950
950
950
950
950
936
936
936
936
936
951
951
951
951
951
951
938
938
938
938
938
942
942
942
942
942
941
941
941
941
941
941
941
941
941
941
941
938
938
938
938
938
944
944
944
944
944
944
933
933
933
933
933
947
947
947
947
947
956
956
956
956
956
956
949
949
949
949
949
955
955
955
955
955
935
935
935
935
935
935
948
948
948
948
948
953
953
953
953
953
948
948
948
948
948
948
950
950
950
950
950
953
953
953
953
953
939
939
939
939
939
939
943
943
943
943
943
942
942
942
942
942
953
953
953
953
953
953
948
948
948
948
948
952
952
952
952
952
945
945
945
945
945
945
953
953
953
953
953
945
945
945
945
945
950
950
950
950
950
950
949
949
949
949
949
930
930
930
930
930
941
941
941
941
941
941
938
938
938
938
938
938
938
938
938
938
934
934
934
934
934
934
940
940
940
940
940
948
948
948
948
948
946
946
946
946
946
946
950
950
950
950
950
948
948
948
948
948
948
948
948
948
948
948
947
947
947
947
947
943
943
943
943
943
942
942
942
942
942
942
937
937
937
937
937
940
940
940
940
940
931
931
931
931
931
931
944
944
944
944
944
950
950
950
950
950
938
938
938
938
938
938
949
949
949
949
949
944
944
944
944
944
945
945
945
945
945
945
951
951
951
951
951
956
956
956
956
956
953
953
953
953
953
953
943
943
943
943
943
940
940
940
940
940
944
944
944
944
944
944
945
945
945
945
945
936
936
936
936
936
950
950
950
950
950
950
947
947
947
947
947
941
941
941
941
941
942
942
942
942
942
942
950
950
950
950
950
944
944
944
944
944
944
944
944
944
944
944
946
946
946
946
946
946
946
946
946
946
956
956
956
956
956
956
949
949
949
949
949
944
944
944
944
944
945
945
945
945
945
945
941
941
941
941
941
943
943
943
943
943
950
950
950
950
950
950
939
939
939
939
939
946
946
946
946
946
937
937
937
937
937
937
948
948
948
948
948
935
935
935
935
935
938
938
938
938
938
938
935
935
935
935
935
928
928
928
928
928
928
928
928
928
928
928
926
926
926
926
926
934
934
934
934
934
939
939
939
939
939
939
938
938
938
938
938
939
939
939
939
939
923
923
923
923
923
923
933
933
933
933
933
939
939
939
939
939
931
931
931
931
931
931
928
928
928
928
928
937
937
937
937
937
941
941
941
941
941
941
934
934
934
934
934
930
930
930
930
930
931
931
931
931
931
931
941
941
941
941
941
934
934
934
934
934
940
940
940
940
940
940
951
951
951
951
951
943
943
943
943
943
945
945
945
945
945
945
942
942
942
942
942
935
935
935
935
935
943
943
943
943
943
943
934
934
934
934
934
943
943
943
943
943
942
942
942
942
942
942
932
932
932
932
932
927
927
927
927
927
940
940
940
940
940
940
935
935
935
935
935
923
923
923
923
923
932
932
932
932
932
932
939
939
939
939
939
932
932
932
932
932
928
928
928
928
928
928
945
945
945
945
945
936
936
936
936
936
947
947
947
947
947
947
945
945
945
945
945
948
948
948
948
948
940
940
940
940
940
940
941
941
941
941
941
949
949
949
949
949
943
943
943
943
943
943
953
953
953
953
953
949
949
949
949
949
959
959
959
959
959
959
952
952
952
952
952
965
965
965
965
965
935
935
935
935
935
935
948
948
948
948
948
943
943
943
943
943
940
940
940
940
940
940
926
926
926
926
926
927
927
927
927
927
931
931
931
931
931
931
925
925
925
925
925
920
920
920
920
920
921
921
921
921
921
921
937
937
937
937
937
950
950
950
950
950
957
957
957
957
957
957
956
956
956
956
956
971
971
971
971
971
977
977
977
977
977
977
985
985
985
985
985
993
993
993
993
993
997
997
997
997
997
997
998
998
998
998
998
983
983
983
983
983
970
970
970
970
970
970
969
969
969
969
969
961
961
961
961
961
973
973
973
973
973
973
975
975
975
975
975
979
979
979
979
979
973
973
973
973
973
973
963
963
963
963
963
948
948
948
948
948
928
928
928
928
928
928
921
921
921
921
921
906
906
906
906
906
900
900
900
900
900
900
909
909
909
909
909
904
904
904
904
904
920
920
920
920
920
920
926
926
926
926
926
938
938
938
938
938
961
961
961
961
961
961
964
964
964
964
964
973
973
973
973
973
982
982
982
982
982
982
988
988
988
988
988
1009
1009
1009
1009
1009
1000
1000
1000
1000
1000
1000
995
995
995
995
995
1000
1000
1000
1000
1000
1000
1000
1000
1000
1000
1000
1010
1010
1010
1010
1010
991
991
991
991
991
992
992
992
992
992
992
1010
1010
1010
1010
1010
991
991
991
991
991
990
990
990
990
990
990
998
998
998
998
998
982
982
982
982
982
978
978
978
978
978
978
974
974
974
974
974
975
975
975
975
975
965
965
965
965
965
965
964
964
964
964
964
958
958
958
958
958
957
957
957
957
957
957
964
964
964
964
964
953
953
953
953
953
965
965
965
965
965
965
965
965
965
965
965
962
962
962
962
962
990
990
990
990
990
990
978
978
978
978
978
994
994
994
994
994
1001
1001
1001
1001
1001
1001
996
996
996
996
996
993
993
993
993
993
973
973
973
973
973
973
952
952
952
952
952
919
919
919
919
919
911
911
911
911
911
911
854
854
854
854
854
839
839
839
839
839
816
816
816
816
816
816
806
806
806
806
806
800
800
800
800
800
809
809
809
809
809
809
850
850
850
850
850
869
869
869
869
869
907
907
907
907
907
907
933
933
933
933
933
946
946
946
946
946
974
974
974
974
974
974
963
963
963
963
963
965
965
965
965
965
941
941
941
941
941
941
912
912
912
912
912
887
887
887
887
887
867
867
867
867
867
867
876
876
876
876
876
884
884
884
884
884
874
874
874
874
874
874
878
878
878
878
878
887
887
887
887
887
898
898
898
898
898
898
900
900
900
900
900
911
911
911
911
911
908
908
908
908
908
908
909
909
909
909
909
900
900
900
900
900
889
889
889
889
889
889
877
877
877
877
877
880
880
880
880
880
859
859
859
859
859
859
832
832
832
832
832
815
815
815
815
815
785
785
785
785
785
785
790
790
790
790
790
773
773
773
773
773
754
754
754
754
754
754
756
756
756
756
756
751
751
751
751
751
728
728
728
728
728
728
702
702
702
702
702
680
680
680
680
680
634
634
634
634
634
634
593
593
593
593
593
568
568
568
568
568
542
542
542
542
542
542
530
530
530
530
530
547
547
547
547
547
570
570
570
570
570
570
626
626
626
626
626
712
712
712
712
712
813
813
813
813
813
813
948
948
948
948
948
1098
1098
1098
1098
1098
1225
1225
1225
1225
1225
1225
1339
1339
1339
1339
1339
1420
1420
1420
1420
1420
1443
1443
1443
1443
1443
1443
1413
1413
1413
1413
1413
1366
1366
1366
1366
1366
1244
1244
1244
1244
1244
1244
1126
1126
1126
1126
1126
971
971
971
971
971
858
858
858
858
858
858
738
738
738
738
738
661
661
661
661
661
606
606
606
606
606
606
598
598
598
598
598
602
602
602
602
602
662
662
662
662
662
662
726
726
726
726
726
807
807
807
807
807
905
905
905
905
905
905
998
998
998
998
998
1098
1098
1098
1098
1098
1163
1163
1163
1163
1163
1163
1228
1228
1228
1228
1228
1263
1263
1263
1263
1263
1285
1285
1285
1285
1285
1285
1301
1301
1301
1301
1301
1274
1274
1274
1274
1274
1263
1263
1263
1263
1263
1263
1219
1219
1219
1219
1219
1179
1179
1179
1179
1179
1107
1107
1107
1107
1107
1107
1038
1038
1038
1038
1038
961
961
961
961
961
896
896
896
896
896
896
840
840
840
840
840
802
802
802
802
802
777
777
777
777
777
777
794
794
794
794
794
833
833
833
833
833
891
891
891
891
891
891
981
981
981
981
981
1066
1066
1066
1066
1066
1163
1163
1163
1163
1163
1163
1253
1253
1253
1253
1253
1314
1314
1314
1314
1314
1359
1359
1359
1359
1359
1359
1347
1347
1347
1347
1347
1316
1316
1316
1316
1316
1249
1249
1249
1249
1249
1249
1187
1187
1187
1187
1187
1097
1097
1097
1097
1097
1019
1019
1019
1019
1019
1019
967
967
967
967
967
929
929
929
929
929
927
927
927
927
927
927
947
947
947
947
947
1004
1004
1004
1004
1004
1058
1058
1058
1058
1058
1058
1135
1135
1135
1135
1135
1205
1205
1205
1205
1205
1259
1259
1259
1259
1259
1259
1280
1280
1280
1280
1280
1289
1289
1289
1289
1289
1286
1286
1286
1286
1286
1286
1254
1254
1254
1254
1254
1198
1198
1198
1198
1198
1139
1139
1139
1139
1139
1139
1094
1094
1094
1094
1094
1051
1051
1051
1051
1051
1024
1024
1024
1024
1024
1024
1012
1012
1012
1012
1012
1017
1017
1017
1017
1017
1029
1029
1029
1029
1029
1029
1048
1048
1048
1048
1048
1074
1074
1074
1074
1074
1099
1099
1099
1099
1099
1099
1110
1110
1110
1110
1110
1117
1117
1117
1117
1117
1120
1120
1120
1120
1120
1120
1101
1101
1101
1101
1101
1082
1082
1082
1082
1082
1044
1044
1044
1044
1044
1044
1022
1022
1022
1022
1022
991
991
991
991
991
961
961
961
961
961
961
967
967
967
967
967
978
978
978
978
978
992
992
992
992
992
992
1016
1016
1016
1016
1016
1044
1044
1044
1044
1044
1061
1061
1061
1061
1061
1061
1072
1072
1072
1072
1072
1083
1083
1083
1083
1083
1082
1082
1082
1082
1082
1082
1080
1080
1080
1080
1080
1071
1071
1071
1071
1071
1073
1073
1073
1073
1073
1073
1085
1085
1085
1085
1085
1091
1091
1091
1091
1091
1102
1102
1102
1102
1102
1102
1097
1097
1097
1097
1097
1089
1089
1089
1089
1089
1071
1071
1071
1071
1071
1071
1041
1041
1041
1041
1041
1004
1004
1004
1004
1004
971
971
971
971
971
971
926
926
926
926
926
900
900
900
900
900
870
870
870
870
870
870
835
835
835
835
835
822
822
822
822
822
813
813
813
813
813
813
826
826
826
826
826
832
832
832
832
832
850
850
850
850
850
850
858
858
858
858
858
881
881
881
881
881
889
889
889
889
889
889
891
891
891
891
891
883
883
883
883
883
874
874
874
874
874
874
857
857
857
857
857
827
827
827
827
827
805
805
805
805
805
805
781
781
781
781
781
754
754
754
754
754
724
724
724
724
724
724
721
721
721
721
721
714
714
714
714
714
716
716
716
716
716
716
735
735
735
735
735
755
755
755
755
755
770
770
770
770
770
770
794
794
794
794
794
809
809
809
809
809
821
821
821
821
821
821
828
828
828
828
828
832
832
832
832
832
852
852
852
852
852
852
857
857
857
857
857
879
879
879
879
879
898
898
898
898
898
898
929
929
929
929
929
941
941
941
941
941
964
964
964
964
964
964
962
962
962
962
962
947
947
947
947
947
942
942
942
942
942
942
915
915
915
915
915
892
892
892
892
892
880
880
880
880
880
880
870
870
870
870
870
859
859
859
859
859
867
867
867
867
867
867
856
856
856
856
856
851
851
851
851
851
846
846
846
846
846
846
845
845
845
845
845
847
847
847
847
847
858
858
858
858
858
858
863
863
863
863
863
856
856
856
856
856
863
863
863
863
863
863
857
857
857
857
857
851
851
851
851
851
843
843
843
843
843
843
827
827
827
827
827
803
803
803
803
803
803
803
803
803
803
803
800
800
800
800
800
820
820
820
820
820
827
827
827
827
827
827
843
843
843
843
843
858
858
858
858
858
861
861
861
861
861
861
868
868
868
868
868
862
862
862
862
862
855
855
855
855
855
855
859
859
859
859
859
854
854
854
854
854
860
860
860
860
860
860
850
850
850
850
850
856
856
856
856
856
850
850
850
850
850
850
849
849
849
849
849
871
871
871
871
871
879
879
879
879
879
879
906
906
906
906
906
942
942
942
942
942
978
978
978
978
978
978
1000
1000
1000
1000
1000
1013
1013
1013
1013
1013
1011
1011
1011
1011
1011
1011
1001
1001
1001
1001
1001
975
975
975
975
975
952
952
952
952
952
952
925
925
925
925
925
894
894
894
894
894
866
866
866
866
866
866
855
855
855
855
855
828
828
828
828
828
816
816
816
816
816
816
818
818
818
818
818
812
812
812
812
812
831
831
831
831
831
831
846
846
846
846
846
867
867
867
867
867
884
884
884
884
884
884
901
901
901
901
901
914
914
914
914
914
931
931
931
931
931
931
947
947
947
947
947
967
967
967
967
967
976
976
976
976
976
976
984
984
984
984
984
993
993
993
993
993
998
998
998
998
998
998
1007
1007
1007
1007
1007
1009
1009
1009
1009
1009
1022
1022
1022
1022
1022
1022
1027
1027
1027
1027
1027
1035
1035
1035
1035
1035
1036
1036
1036
1036
1036
1036
1040
1040
1040
1040
1040
1036
1036
1036
1036
1036
1037
1037
1037
1037
1037
1037
1016
1016
1016
1016
1016
996
996
996
996
996
972
972
972
972
972
972
951
951
951
951
951
935
935
935
935
935
921
921
921
921
921
921
907
907
907
907
907
914
914
914
914
914
914
914
914
914
914
914
927
927
927
927
927
952
952
952
952
952
959
959
959
959
959
959
988
988
988
988
988
998
998
998
998
998
990
990
990
990
990
990
993
993
993
993
993
987
987
987
987
987
962
962
962
962
962
962
940
940
940
940
940
916
916
916
916
916
901
901
901
901
901
901
874
874
874
874
874
886
886
886
886
886
882
882
882
882
882
882
894
894
894
894
894
916
916
916
916
916
951
951
951
951
951
951
975
975
975
975
975
1026
1026
1026
1026
1026
1043
1043
1043
1043
1043
1043
1068
1068
1068
1068
1068
1072
1072
1072
1072
1072
1065
1065
1065
1065
1065
1065
1041
1041
1041
1041
1041
1014
1014
1014
1014
1014
980
980
980
980
980
980
951
951
951
951
951
934
934
934
934
934
921
921
921
921
921
921
932
932
932
932
932
934
934
934
934
934
930
930
930
930
930
930
955
955
955
955
955
944
944
944
944
944
964
964
964
964
964
964
968
968
968
968
968
962
962
962
962
962
941
941
941
941
941
941
945
945
945
945
945
956
956
956
956
956
942
942
942
942
942
942
949
949
949
949
949
935
935
935
935
935