940
940
940
940
940
951
951
951
951
951
940
940
940
940
940
947
947
947
947
947
947
948
948
948
948
948
951
951
951
951
951
941
941
941
941
941
941
952
952
952
952
952
942
942
942
942
942
951
951
951
951
951
951
939
939
939
939
939
942
942
942
942
942
943
943
943
943
943
943
955
955
955
955
955
948
948
948
948
948
943
943
943
943
943
943
943
943
943
943
943
946
946
946
946
946
931
931
931
931
931
931
954
954
954
954
954
955
955
955
955
955
947
947
947
947
947
947
944
944
944
944
944
943
943
943
943
943
945
945
945
945
945
945
950
950
950
950
950
942
942
942
942
942
944
944
944
944
944
944
948
948
948
948
948
945
945
945
945
945
948
948
948
948
948
948
959
959
959
959
959
947
947
947
947
947
953
953
953
953
953
953
946
946
946
946
946
952
952
952
952
952
946
946
946
946
946
946
953
953
953
953
953
942
942
942
942
942
946
946
946
946
946
946
936
936
936
936
936
949
949
949
949
949
954
954
954
954
954
954
944
944
944
944
944
957
957
957
957
957
950
950
950
950
950
950
949
949
949
949
949
949
949
949
949
949
943
943
943
943
943
943
951
951
951
951
951
941
941
941
941
941
953
953
953
953
953
953
941
941
941
941
941
956
956
956
956
956
944
944
944
944
944
944
937
937
937
937
937
946
946
946
946
946
934
934
934
934
934
934
938
938
938
938
938
943
943
943
943
943
950
950
950
950
950
950
936
936
936
936
936
952
952
952
952
952
948
948
948
948
948
948
950
950
950
950
950
943
943
943
943
943
949
949
949
949
949
949
936
936
936
936
936
941
941
941
941
941
938
938
938
938
938
938
948
948
948
948
948
959
959
959
959
959
952
952
952
952
952
952
939
939
939
939
939
936
936
936
936
936
937
937
937
937
937
937
950
950
950
950
950
949
949
949
949
949
940
940
940
940
940
940
951
951
951
951
951
952
952
952
952
952
955
955
955
955
955
955
954
954
954
954
954
939
939
939
939
939
956
956
956
956
956
956
957
957
957
957
957
942
942
942
942
942
947
947
947
947
947
947
936
936
936
936
936
949
949
949
949
949
948
948
948
948
948
948
943
943
943
943
943
935
935
935
935
935
935
935
935
935
935
935
952
952
952
952
952
953
953
953
953
953
940
940
940
940
940
940
953
953
953
953
953
945
945
945
945
945
952
952
952
952
952
952
941
941
941
941
941
939
939
939
939
939
937
937
937
937
937
937
945
945
945
945
945
938
938
938
938
938
941
941
941
941
941
941
948
948
948
948
948
950
950
950
950
950
940
940
940
940
940
940
935
935
935
935
935
943
943
943
943
943
954
954
954
954
954
954
934
934
934
934
934
944
944
944
944
944
957
957
957
957
957
957
940
940
940
940
940
944
944
944
944
944
941
941
941
941
941
941
942
942
942
942
942
941
941
941
941
941
946
946
946
946
946
946
946
946
946
946
946
941
941
941
941
941
945
945
945
945
945
945
936
936
936
936
936
941
941
941
941
941
949
949
949
949
949
949
948
948
948
948
948
952
952
952
952
952
953
953
953
953
953
953
932
932
932
932
932
939
939
939
939
939
947
947
947
947
947
947
938
938
938
938
938
949
949
949
949
949
953
953
953
953
953
953
951
951
951
951
951
929
929
929
929
929
944
944
944
944
944
944
946
946
946
946
946
941
941
941
941
941
943
943
943
943
943
943
955
955
955
955
955
943
943
943
943
943
943
943
943
943
943
943
936
936
936
936
936
951
951
951
951
951
944
944
944
944
944
944
946
946
946
946
946
935
935
935
935
935
957
957
957
957
957
957
940
940
940
940
940
949
949
949
949
949
935
935
935
935
935
935
949
949
949
949
949
927
927
927
927
927
944
944
944
944
944
944
946
946
946
946
946
945
945
945
945
945
934
934
934
934
934
934
945
945
945
945
945
955
955
955
955
955
945
945
945
945
945
945
940
940
940
940
940
949
949
949
949
949
942
942
942
942
942
942
941
941
941
941
941
946
946
946
946
946
939
939
939
939
939
939
950
950
950
950
950
942
942
942
942
942
947
947
947
947
947
947
944
944
944
944
944
938
938
938
938
938
940
940
940
940
940
940
941
941
941
941
941
928
928
928
928
928
940
940
940
940
940
940
939
939
939
939
939
946
946
946
946
946
937
937
937
937
937
937
934
934
934
934
934
947
947
947
947
947
949
949
949
949
949
949
939
939
939
939
939
950
950
950
950
950
953
953
953
953
953
953
950
950
950
950
950
934
934
934
934
934
936
936
936
936
936
936
937
937
937
937
937
938
938
938
938
938
946
946
946
946
946
946
948
948
948
948
948
946
946
946
946
946
950
950
950
950
950
950
943
943
943
943
943
952
952
952
952
952
934
934
934
934
934
934
940
940
940
940
940
936
936
936
936
936
948
948
948
948
948
948
940
940
940
940
940
942
942
942
942
942
942
942
942
942
942
942
946
946
946
946
946
926
926
926
926
926
941
941
941
941
941
941
958
958
958
958
958
953
953
953
953
953
946
946
946
946
946
946
939
939
939
939
939
945
945
945
945
945
954
954
954
954
954
954
938
938
938
938
938
947
947
947
947
947
956
956
956
956
956
956
952
952
952
952
952
939
939
939
939
939
946
946
946
946
946
946
944
944
944
944
944
945
945
945
945
945
945
945
945
945
945
945
947
947
947
947
947
935
935
935
935
935
946
946
946
946
946
946
938
938
938
938
938
935
935
935
935
935
936
936
936
936
936
936
949
949
949
949
949
946
946
946
946
946
950
950
950
950
950
950
941
941
941
941
941
936
936
936
936
936
954
954
954
954
954
954
936
936
936
936
936
934
934
934
934
934
944
944
944
944
944
944
945
945
945
945
945
936
936
936
936
936
923
923
923
923
923
923
937
937
937
937
937
942
942
942
942
942
945
945
945
945
945
945
944
944
944
944
944
937
937
937
937
937
944
944
944
944
944
944
940
940
940
940
940
932
932
932
932
932
945
945
945
945
945
945
953
953
953
953
953
943
943
943
943
943
952
952
952
952
952
952
935
935
935
935
935
944
944
944
944
944
956
956
956
956
956
956
934
934
934
934
934
939
939
939
939
939
941
941
941
941
941
941
939
939
939
939
939
955
955
955
955
955
929
929
929
929
929
929
940
940
940
940
940
943
943
943
943
943
957
957
957
957
957
957
935
935
935
935
935
953
953
953
953
953
934
934
934
934
934
934
946
946
946
946
946
946
946
946
946
946
942
942
942
942
942
942
948
948
948
948
948
958
958
958
958
958
933
933
933
933
933
933
942
942
942
942
942
949
949
949
949
949
953
953
953
953
953
953
942
942
942
942
942
940
940
940
940
940
939
939
939
939
939
939
941
941
941
941
941
938
938
938
938
938
938
938
938
938
938
938
940
940
940
940
940
951
951
951
951
951
931
931
931
931
931
931
941
941
941
941
941
950
950
950
950
950
952
952
952
952
952
952
931
931
931
931
931
950
950
950
950
950
945
945
945
945
945
945
944
944
944
944
944
946
946
946
946
946
932
932
932
932
932
932
941
941
941
941
941
934
934
934
934
934
947
947
947
947
947
947
948
948
948
948
948
946
946
946
946
946
951
951
951
951
951
951
942
942
942
942
942
935
935
935
935
935
944
944
944
944
944
944
945
945
945
945
945
952
952
952
952
952
944
944
944
944
944
944
943
943
943
943
943
945
945
945
945
945
946
946
946
946
946
946
943
943
943
943
943
945
945
945
945
945
940
940
940
940
940
940
948
948
948
948
948
948
948
948
948
948
949
949
949
949
949
949
932
932
932
932
932
945
945
945
945
945
942
942
942
942
942
942
941
941
941
941
941
950
950
950
950
950
952
952
952
952
952
952
950
950
950
950
950
944
944
944
944
944
936
936
936
936
936
936
950
950
950
950
950
952
952
952
952
952
946
946
946
946
946
946
957
957
957
957
957
950
950
950
950
950
947
947
947
947
947
947
950
950
950
950
950
938
938
938
938
938
941
941
941
941
941
941
938
938
938
938
938
943
943
943
943
943
939
939
939
939
939
939
937
937
937
937
937
943
943
943
943
943
963
963
963
963
963
963
940
940
940
940
940
950
950
950
950
950
935
935
935
935
935
935
928
928
928
928
928
945
945
945
945
945
944
944
944
944
944
944
939
939
939
939
939
950
950
950
950
950
941
941
941
941
941
941
948
948
948
948
948
933
933
933
933
933
939
939
939
939
939
939
942
942
942
942
942
946
946
946
946
946
939
939
939
939
939
939
940
940
940
940
940
934
934
934
934
934
933
933
933
933
933
933
935
935
935
935
935
941
941
941
941
941
957
957
957
957
957
957
951
951
951
951
951
937
937
937
937
937
936
936
936
936
936
936
938
938
938
938
938
955
955
955
955
955
928
928
928
928
928
928
943
943
943
943
943
924
924
924
924
924
939
939
939
939
939
939
943
943
943
943
943
938
938
938
938
938
945
945
945
945
945
945
932
932
932
932
932
949
949
949
949
949
952
952
952
952
952
952
952
952
952
952
952
946
946
946
946
946
948
948
948
948
948
948
932
932
932
932
932
940
940
940
940
940
937
937
937
937
937
937
925
925
925
925
925
940
940
940
940
940
937
937
937
937
937
937
931
931
931
931
931
941
941
941
941
941
948
948
948
948
948
948
946
946
946
946
946
951
951
951
951
951
951
951
951
951
951
951
963
963
963
963
963
939
939
939
939
939
950
950
950
950
950
950
948
948
948
948
948
942
942
942
942
942
941
941
941
941
941
941
931
931
931
931
931
936
936
936
936
936
946
946
946
946
946
946
937
937
937
937
937
950
950
950
950
950
943
943
943
943
943
943
949
949
949
949
949
945
945
945
945
945
949
949
949
949
949
949
945
945
945
945
945
959
959
959
959
959
943
943
943
943
943
943
944
944
944
944
944
943
943
943
943
943
953
953
953
953
953
953
929
929
929
929
929
937
937
937
937
937
929
929
929
929
929
929
959
959
959
959
959
931
931
931
931
931
949
949
949
949
949
949
946
946
946
946
946
944
944
944
944
944
944
944
944
944
944
944
947
947
947
947
947
936
936
936
936
936
948
948
948
948
948
948
942
942
942
942
942
936
936
936
936
936
940
940
940
940
940
940
946
946
946
946
946
941
941
941
941
941
942
942
942
942
942
942
943
943
943
943
943
942
942
942
942
942
949
949
949
949
949
949
958
958
958
958
958
943
943
943
943
943
944
944
944
944
944
944
937
937
937
937
937
958
958
958
958
958
953
953
953
953
953
953
944
944
944
944
944
944
944
944
944
944
945
945
945
945
945
945
945
945
945
945
945
946
946
946
946
946
949
949
949
949
949
949
952
952
952
952
952
939
939
939
939
939
946
946
946
946
946
946
949
949
949
949
949
942
942
942
942
942
943
943
943
943
943
943
950
950
950
950
950
937
937
937
937
937
944
944
944
944
944
944
936
936
936
936
936
935
935
935
935
935
939
939
939
939
939
939
949
949
949
949
949
940
940
940
940
940
943
943
943
943
943
943
945
945
945
945
945
942
942
942
942
942
942
942
942
942
942
942
939
939
939
939
939
951
951
951
951
951
944
944
944
944
944
944
940
940
940
940
940
940
940
940
940
940
946
946
946
946
946
946
949
949
949
949
949
946
946
946
946
946
940
940
940
940
940
940
942
942
942
942
942
944
944
944
944
944
944
944
944
944
944
944
937
937
937
937
937
948
948
948
948
948
949
949
949
949
949
949
938
938
938
938
938
935
935
935
935
935
944
944
944
944
944
944
945
945
945
945
945
951
951
951
951
951
966
966
966
966
966
966
941
941
941
941
941
950
950
950
950
950
946
946
946
946
946
946
947
947
947
947
947
942
942
942
942
942
946
946
946
946
946
946
950
950
950
950
950
940
940
940
940
940
944
944
944
944
944
944
947
947
947
947
947
947
947
947
947
947
948
948
948
948
948
948
955
955
955
955
955
946
946
946
946
946
956
956
956
956
956
956
957
957
957
957
957
947
947
947
947
947
947
947
947
947
947
947
950
950
950
950
950
950
950
950
950
950
947
947
947
947
947
947
949
949
949
949
949
951
951
951
951
951
952
952
952
952
952
952
956
956
956
956
956
965
965
965
965
965
946
946
946
946
946
946
961
961
961
961
961
947
947
947
947
947
945
945
945
945
945
945
942
942
942
942
942
951
951
951
951
951
973
973
973
973
973
973
947
947
947
947
947
956
956
956
956
956
949
949
949
949
949
949
955
955
955
955
955
967
967
967
967
967
966
966
966
966
966
966
955
955
955
955
955
951
951
951
951
951
956
956
956
956
956
956
959
959
959
959
959
947
947
947
947
947
954
954
954
954
954
954
967
967
967
967
967
972
972
972
972
972
959
959
959
959
959
959
966
966
966
966
966
953
953
953
953
953
964
964
964
964
964
964
975
975
975
975
975
964
964
964
964
964
976
976
976
976
976
976
966
966
966
966
966
962
962
962
962
962
962
962
962
962
962
962
949
949
949
949
949
957
957
957
957
957
941
941
941
941
941
941
931
931
931
931
931
936
936
936
936
936
939
939
939
939
939
939
933
933
933
933
933
940
940
940
940
940
928
928
928
928
928
928
936
936
936
936
936
924
924
924
924
924
932
932
932
932
932
932
943
943
943
943
943
946
946
946
946
946
936
936
936
936
936
936
936
936
936
936
936
927
927
927
927
927
952
952
952
952
952
952
959
959
959
959
959
964
964
964
964
964
943
943
943
943
943
943
957
957
957
957
957
962
962
962
962
962
943
943
943
943
943
943
951
951
951
951
951
954
954
954
954
954
962
962
962
962
962
962
985
985
985
985
985
962
962
962
962
962
945
945
945
945
945
945
966
966
966
966
966
961
961
961
961
961
959
959
959
959
959
959
966
966
966
966
966
963
963
963
963
963
958
958
958
958
958
958
978
978
978
978
978
959
959
959
959
959
961
961
961
961
961
961
959
959
959
959
959
945
945
945
945
945
956
956
956
956
956
956
938
938
938
938
938
979
979
979
979
979
932
932
932
932
932
932
943
943
943
943
943
938
938
938
938
938
945
945
945
945
945
945
947
947
947
947
947
963
963
963
963
963
969
969
969
969
969
969
982
982
982
982
982
979
979
979
979
979
1007
1007
1007
1007
1007
1007
994
994
994
994
994
974
974
974
974
974
1001
1001
1001
1001
1001
1001
997
997
997
997
997
982
982
982
982
982
1001
1001
1001
1001
1001
1001
1003
1003
1003
1003
1003
1002
1002
1002
1002
1002
1023
1023
1023
1023
1023
1023
1005
1005
1005
1005
1005
1007
1007
1007
1007
1007
1016
1016
1016
1016
1016
1016
1003
1003
1003
1003
1003
1021
1021
1021
1021
1021
1015
1015
1015
1015
1015
1015
1012
1012
1012
1012
1012
1003
1003
1003
1003
1003
995
995
995
995
995
995
988
988
988
988
988
998
998
998
998
998
992
992
992
992
992
992
978
978
978
978
978
1002
1002
1002
1002
1002
1003
1003
1003
1003
1003
1003
990
990
990
990
990
985
985
985
985
985
1011
1011
1011
1011
1011
1011
1014
1014
1014
1014
1014
1015
1015
1015
1015
1015
1006
1006
1006
1006
1006
1006
1003
1003
1003
1003
1003
950
950
950
950
950
938
938
938
938
938
938
899
899
899
899
899
860
860
860
860
860
853
853
853
853
853
853
832
832
832
832
832
812
812
812
812
812
814
814
814
814
814
814
812
812
812
812
812
799
799
799
799
799
815
815
815
815
815
815
802
802
802
802
802
781
781
781
781
781
783
783
783
783
783
783
745
745
745
745
745
701
701
701
701
701
650
650
650
650
650
650
596
596
596
596
596
491
491
491
491
491
440
440
440
440
440
440
389
389
389
389
389
375
375
375
375
375
395
395
395
395
395
395
425
425
425
425
425
515
515
515
515
515
605
605
605
605
605
605
733
733
733
733
733
855
855
855
855
855
990
990
990
990
990
990
1113
1113
1113
1113
1113
1202
1202
1202
1202
1202
1264
1264
1264
1264
1264
1264
1342
1342
1342
1342
1342
1360
1360
1360
1360
1360
1348
1348
1348
1348
1348
1348
1330
1330
1330
1330
1330
1296
1296
1296
1296
1296
1279
1279
1279
1279
1279
1279
1257
1257
1257
1257
1257
1235
1235
1235
1235
1235
1249
1249
1249
1249
1249
1249
1270
1270
1270
1270
1270
1269
1269
1269
1269
1269
1265
1265
1265
1265
1265
1265
1250
1250
1250
1250
1250
1222
1222
1222
1222
1222
1150
1150
1150
1150
1150
1150
1031
1031
1031
1031
1031
909
909
909
909
909
760
760
760
760
760
760
621
621
621
621
621
493
493
493
493
493
419
419
419
419
419
419
388
388
388
388
388
402
402
402
402
402
443
443
443
443
443
443
529
529
529
529
529
650
650
650
650
650
785
785
785
785
785
785
923
923
923
923
923
1024
1024
1024
1024
1024
1105
1105
1105
1105
1105
1105
1171
1171
1171
1171
1171
1195
1195
1195
1195
1195
1172
1172
1172
1172
1172
1172
1145
1145
1145
1145
1145
1113
1113
1113
1113
1113
1093
1093
1093
1093
1093
1093
1051
1051
1051
1051
1051
1082
1082
1082
1082
1082
1138
1138
1138
1138
1138
1138
1183
1183
1183
1183
1183
1279
1279
1279
1279
1279
1345
1345
1345
1345
1345
1345
1423
1423
1423
1423
1423
1497
1497
1497
1497
1497
1489
1489
1489
1489
1489
1489
1482
1482
1482
1482
1482
1423
1423
1423
1423
1423
1350
1350
1350
1350
1350
1350
1222
1222
1222
1222
1222
1094
1094
1094
1094
1094
950
950
950
950
950
950
813
813
813
813
813
701
701
701
701
701
583
583
583
583
583
583
515
515
515
515
515
454
454
454
454
454
413
413
413
413
413
413
414
414
414
414
414
421
421
421
421
421
443
443
443
443
443
443
473
473
473
473
473
507
507
507
507
507
529
529
529
529
529
529
582
582
582
582
582
619
619
619
619
619
674
674
674
674
674
674
728
728
728
728
728
783
783
783
783
783
843
843
843
843
843
843
884
884
884
884
884
986
986
986
986
986
1046
1046
1046
1046
1046
1046
1106
1106
1106
1106
1106
1163
1163
1163
1163
1163
1193
1193
1193
1193
1193
1193
1226
1226
1226
1226
1226
1232
1232
1232
1232
1232
1231
1231
1231
1231
1231
1231
1254
1254
1254
1254
1254
1264
1264
1264
1264
1264
1288
1288
1288
1288
1288
1288
1296
1296
1296
1296
1296
1310
1310
1310
1310
1310
1331
1331
1331
1331
1331
1331
1318
1318
1318
1318
1318
1316
1316
1316
1316
1316
1274
1274
1274
1274
1274
1274
1216
1216
1216
1216
1216
1130
1130
1130
1130
1130
1050
1050
1050
1050
1050
1050
960
960
960
960
960
888
888
888
888
888
831
831
831
831
831
831
772
772
772
772
772
749
749
749
749
749
728
728
728
728
728
728
732
732
732
732
732
739
739
739
739
739
744
744
744
744
744
744
780
780
780
780
780
778
778
778
778
778
825
825
825
825
825
825
841
841
841
841
841
871
871
871
871
871
892
892
892
892
892
892
937
937
937
937
937
960
960
960
960
960
974
974
974
974
974
974
995
995
995
995
995
991
991
991
991
991
1018
1018
1018
1018
1018
1018
1009
1009
1009
1009
1009
999
999
999
999
999
980
980
980
980
980
980
976
976
976
976
976
940
940
940
940
940
897
897
897
897
897
897
868
868
868
868
868
819
819
819
819
819
774
774
774
774
774
774
752
752
752
752
752
716
716
716
716
716
709
709
709
709
709
709
710
710
710
710
710
732
732
732
732
732
741
741
741
741
741
741
786
786
786
786
786
809
809
809
809
809
848
848
848
848
848
848
882
882
882
882
882
890
890
890
890
890
909
909
909
909
909
909
893
893
893
893
893
868
868
868
868
868
901
901
901
901
901
901
875
875
875
875
875
891
891
891
891
891
884
884
884
884
884
884
907
907
907
907
907
919
919
919
919
919
957
957
957
957
957
957
970
970
970
970
970
1023
1023
1023
1023
1023
1047
1047
1047
1047
1047
1047
1091
1091
1091
1091
1091
1092
1092
1092
1092
1092
1095
1095
1095
1095
1095
1095
1122
1122
1122
1122
1122
1120
1120
1120
1120
1120
1128
1128
1128
1128
1128
1128
1119
1119
1119
1119
1119
1117
1117
1117
1117
1117
1112
1112
1112
1112
1112
1112
1100
1100
1100
1100
1100
1085
1085
1085
1085
1085
1066
1066
1066
1066
1066
1066
1037
1037
1037
1037
1037
1027
1027
1027
1027
1027
985
985
985
985
985
985
952
952
952
952
952
909
909
909
909
909
884
884
884
884
884
884
854
854
854
854
854
846
846
846
846
846
840
840
840
840
840
840
854
854
854
854
854
852
852
852
852
852
860
860
860
860
860
860
869
869
869
869
869
875
875
875
875
875
877
877
877
877
877
877
889
889
889
889
889
874
874
874
874
874
877
877
877
877
877
877
863
863
863
863
863
848
848
848
848
848
847
847
847
847
847
847
849
849
849
849
849
844
844
844
844
844
869
869
869
869
869
869
870
870
870
870
870
886
886
886
886
886
901
901
901
901
901
901
907
907
907
907
907
917
917
917
917
917
966
966
966
966
966
966
982
982
982
982
982
994
994
994
994
994
1010
1010
1010
1010
1010
1010
1022
1022
1022
1022
1022
1019
1019
1019
1019
1019
1015
1015
1015
1015
1015
1015
1013
1013
1013
1013
1013
1028
1028
1028
1028
1028
1035
1035
1035
1035
1035
1035
1042
1042
1042
1042
1042
1030
1030
1030
1030
1030
1026
1026
1026
1026
1026
1026
1018
1018
1018
1018
1018
1017
1017
1017
1017
1017
995
995
995
995
995
995
980
980
980
980
980
957
957
957
957
957
946
946
946
946
946
946
939
939
939
939
939
918
918
918
918
918
927
927
927
927
927
927
916
916
916
916
916
944
944
944
944
944
956
956
956
956
956
956
953
953
953
953
953
971
971
971
971
971
981
981
981
981
981
981
993
993
993
993
993
994
994
994
994
994
990
990
990
990
990
990
978
978
978
978
978
949
949
949
949
949
909
909
909
909
909
909
905
905
905
905
905
889
889
889
889
889
898
898
898
898
898
898
898
898
898
898
898
917
917
917
917
917
943
943
943
943
943
943
956
956
956
956
956
985
985
985
985
985
989
989
989
989
989
989
994
994
994
994
994
993
993
993
993
993
1002
1002
1002
1002
1002
1002
983
983
983
983
983
979
979
979
979
979
977
977
977
977
977
977
967
967
967
967
967
945
945
945
945
945
968
968
968
968
968
968
968
968
968
968
968
963
963
963
963
963
974
974
974
974
974
974
976
976
976
976
976
968
968
968
968
968
971
971
971
971
971
971
961
961
961
961
961
970
970
970
970
970
955
955
955
955
955
955
952
952
952
952
952
929
929
929
929
929
947
947
947
947
947
947
934
934
934
934
934
955
955
955
955
955
939
939
939
939
939
939
926
926
926
926
926
933
933
933
933
933
935
935
935
935
935
935
918
918
918
918
918
909
909
909
909
909
899
899
899
899
899
899
895
895
895
895
895
891
891
891
891
891
871
871
871
871
871
871
866
866
866
866
866
850
850
850
850
850
871
871
871
871
871
871
875
875
875
875
875
882
882
882
882
882
899
899
899
899
899
899
914
914
914
914
914
903
903
903
903
903
933
933
933
933
933
933
916
916
916
916
916
924
924
924
924
924
926
926
926
926
926
926
935
935
935
935
935
923
923
923
923
923
927
927
927
927
927
927
933
933
933
933
933
938
938
938
938
938
950
950
950
950
950
950
958
950