1005
1005
979
979
979
979
979
979
971
971
971
971
971
982
982
982
982
982
1005
1005
1005
1005
1005
1005
993
993
993
993
993
993
993
993
993
993
983
983
983
983
983
983
977
977
977
977
977
968
968
968
968
968
980
980
980
980
980
980
984
984
984
984
984
970
970
970
970
970
983
983
983
983
983
983
992
992
992
992
992
970
970
970
970
970
945
945
945
945
945
945
968
968
968
968
968
984
984
984
984
984
965
965
965
965
965
965
999
999
999
999
999
970
970
970
970
970
986
986
986
986
986
986
966
966
966
966
966
983
983
983
983
983
981
981
981
981
981
981
971
971
971
971
971
981
981
981
981
981
1003
1003
1003
1003
1003
1003
969
969
969
969
969
974
974
974
974
974
972
972
972
972
972
972
987
987
987
987
987
970
970
970
970
970
1006
1006
1006
1006
1006
1006
985
985
985
985
985
980
980
980
980
980
978
978
978
978
978
978
980
980
980
980
980
967
967
967
967
967
1002
1002
1002
1002
1002
1002
968
968
968
968
968
970
970
970
970
970
999
999
999
999
999
999
990
990
990
990
990
978
978
978
978
978
978
978
978
978
978
978
993
993
993
993
993
989
989
989
989
989
1002
1002
1002
1002
1002
1002
985
985
985
985
985
989
989
989
989
989
975
975
975
975
975
975
974
974
974
974
974
973
973
973
973
973
986
986
986
986
986
986
951
951
951
951
951
990
990
990
990
990
983
983
983
983
983
983
967
967
967
967
967
975
975
975
975
975
963
963
963
963
963
963
984
984
984
984
984
966
966
966
966
966
990
990
990
990
990
990
992
992
992
992
992
955
955
955
955
955
955
955
955
955
955
955
957
957
957
957
957
965
965
965
965
965
977
977
977
977
977
977
983
983
983
983
983
950
950
950
950
950
972
972
972
972
972
972
953
953
953
953
953
979
979
979
979
979
982
982
982
982
982
982
985
985
985
985
985
997
997
997
997
997
987
987
987
987
987
987
983
983
983
983
983
1012
1012
1012
1012
1012
993
993
993
993
993
993
984
984
984
984
984
972
972
972
972
972
966
966
966
966
966
966
993
993
993
993
993
965
965
965
965
965
984
984
984
984
984
984
1000
1000
1000
1000
1000
983
983
983
983
983
977
977
977
977
977
977
975
975
975
975
975
975
975
975
975
975
986
986
986
986
986
986
976
976
976
976
976
984
984
984
984
984
986
986
986
986
986
986
982
982
982
982
982
971
971
971
971
971
992
992
992
992
992
992
972
972
972
972
972
961
961
961
961
961
936
936
936
936
936
936
974
974
974
974
974
964
964
964
964
964
996
996
996
996
996
996
979
979
979
979
979
997
997
997
997
997
969
969
969
969
969
969
985
985
985
985
985
977
977
977
977
977
986
986
986
986
986
986
970
970
970
970
970
992
992
992
992
992
989
989
989
989
989
989
984
984
984
984
984
973
973
973
973
973
994
994
994
994
994
994
981
981
981
981
981
975
975
975
975
975
973
973
973
973
973
973
984
984
984
984
984
974
974
974
974
974
980
980
980
980
980
980
972
972
972
972
972
1004
1004
1004
1004
1004
969
969
969
969
969
969
1010
1010
1010
1010
1010
985
985
985
985
985
1006
1006
1006
1006
1006
1006
961
961
961
961
961
985
985
985
985
985
975
975
975
975
975
975
985
985
985
985
985
986
986
986
986
986
989
989
989
989
989
989
987
987
987
987
987
973
973
973
973
973
986
986
986
986
986
986
993
993
993
993
993
989
989
989
989
989
981
981
981
981
981
981
1009
1009
1009
1009
1009
980
980
980
980
980
991
991
991
991
991
991
971
971
971
971
971
988
988
988
988
988
996
996
996
996
996
996
974
974
974
974
974
970
970
970
970
970
1004
1004
1004
1004
1004
1004
994
994
994
994
994
975
975
975
975
975
978
978
978
978
978
978
973
973
973
973
973
990
990
990
990
990
978
978
978
978
978
978
987
987
987
987
987
1001
1001
1001
1001
1001
999
999
999
999
999
999
991
991
991
991
991
984
984
984
984
984
986
986
986
986
986
986
993
993
993
993
993
994
994
994
994
994
980
980
980
980
980
980
985
985
985
985
985
979
979
979
979
979
1001
1001
1001
1001
1001
1001
978
978
978
978
978
1007
1007
1007
1007
1007
1016
1016
1016
1016
1016
1016
1009
1009
1009
1009
1009
998
998
998
998
998
984
984
984
984
984
984
988
988
988
988
988
979
979
979
979
979
972
972
972
972
972
972
995
995
995
995
995
979
979
979
979
979
993
993
993
993
993
993
975
975
975
975
975
984
984
984
984
984
987
987
987
987
987
987
985
985
985
985
985
995
995
995
995
995
1003
1003
1003
1003
1003
1003
986
986
986
986
986
998
998
998
998
998
986
986
986
986
986
986
994
994
994
994
994
973
973
973
973
973
1002
1002
1002
1002
1002
1002
1012
1012
1012
1012
1012
978
978
978
978
978
1007
1007
1007
1007
1007
1007
986
986
986
986
986
995
995
995
995
995
1015
1015
1015
1015
1015
1015
977
977
977
977
977
993
993
993
993
993
1026
1026
1026
1026
1026
1026
983
983
983
983
983
995
995
995
995
995
981
981
981
981
981
981
1013
1013
1013
1013
1013
1001
1001
1001
1001
1001
1007
1007
1007
1007
1007
1007
1010
1010
1010
1010
1010
1034
1034
1034
1034
1034
1015
1015
1015
1015
1015
1015
1000
1000
1000
1000
1000
1015
1015
1015
1015
1015
1015
1015
1015
1015
1015
1015
1004
1004
1004
1004
1004
1016
1016
1016
1016
1016
1005
1005
1005
1005
1005
1005
1024
1024
1024
1024
1024
1017
1017
1017
1017
1017
984
984
984
984
984
984
1010
1010
1010
1010
1010
1026
1026
1026
1026
1026
1037
1037
1037
1037
1037
1037
1036
1036
1036
1036
1036
1023
1023
1023
1023
1023
1022
1022
1022
1022
1022
1022
1012
1012
1012
1012
1012
1004
1004
1004
1004
1004
967
967
967
967
967
967
977
977
977
977
977
964
964
964
964
964
971
971
971
971
971
971
951
951
951
951
951
972
972
972
972
972
971
971
971
971
971
971
963
963
963
963
963
987
987
987
987
987
962
962
962
962
962
962
969
969
969
969
969
981
981
981
981
981
974
974
974
974
974
974
965
965
965
965
965
989
989
989
989
989
961
961
961
961
961
961
999
999
999
999
999
966
966
966
966
966
1008
1008
1008
1008
1008
1008
997
997
997
997
997
1008
1008
1008
1008
1008
990
990
990
990
990
990
1011
1011
1011
1011
1011
1022
1022
1022
1022
1022
1018
1018
1018
1018
1018
1018
1000
1000
1000
1000
1000
1008
1008
1008
1008
1008
1019
1019
1019
1019
1019
1019
1022
1022
1022
1022
1022
1016
1016
1016
1016
1016
1011
1011
1011
1011
1011
1011
1041
1041
1041
1041
1041
1034
1034
1034
1034
1034
1027
1027
1027
1027
1027
1027
1010
1010
1010
1010
1010
1018
1018
1018
1018
1018
1024
1024
1024
1024
1024
1024
1021
1021
1021
1021
1021
1007
1007
1007
1007
1007
991
991
991
991
991
991
991
991
991
991
991
980
980
980
980
980
951
951
951
951
951
951
968
968
968
968
968
985
985
985
985
985
977
977
977
977
977
977
992
992
992
992
992
987
987
987
987
987
1033
1033
1033
1033
1033
1033
1044
1044
1044
1044
1044
1053
1053
1053
1053
1053
1074
1074
1074
1074
1074
1074
1084
1084
1084
1084
1084
1100
1100
1100
1100
1100
1087
1087
1087
1087
1087
1087
1062
1062
1062
1062
1062
1058
1058
1058
1058
1058
1050
1050
1050
1050
1050
1050
1067
1067
1067
1067
1067
1038
1038
1038
1038
1038
1068
1068
1068
1068
1068
1068
1053
1053
1053
1053
1053
1122
1122
1122
1122
1122
1087
1087
1087
1087
1087
1087
1094
1094
1094
1094
1094
1131
1131
1131
1131
1131
1127
1127
1127
1127
1127
1127
1124
1124
1124
1124
1124
1086
1086
1086
1086
1086
1089
1089
1089
1089
1089
1089
1096
1096
1096
1096
1096
1065
1065
1065
1065
1065
1062
1062
1062
1062
1062
1062
1049
1049
1049
1049
1049
1051
1051
1051
1051
1051
1027
1027
1027
1027
1027
1027
1045
1045
1045
1045
1045
1075
1075
1075
1075
1075
1108
1108
1108
1108
1108
1108
1071
1071
1071
1071
1071
1109
1109
1109
1109
1109
1087
1087
1087
1087
1087
1087
1129
1129
1129
1129
1129
1051
1051
1051
1051
1051
1025
1025
1025
1025
1025
1025
970
970
970
970
970
912
912
912
912
912
866
866
866
866
866
866
815
815
815
815
815
810
810
810
810
810
786
786
786
786
786
786
769
769
769
769
769
764
764
764
764
764
808
808
808
808
808
808
801
801
801
801
801
825
825
825
825
825
802
802
802
802
802
802
840
840
840
840
840
798
798
798
798
798
755
755
755
755
755
755
718
718
718
718
718
692
692
692
692
692
642
642
642
642
642
642
615
615
615
615
615
591
591
591
591
591
571
571
571
571
571
571
579
579
579
579
579
592
592
592
592
592
619
619
619
619
619
619
661
661
661
661
661
756
756
756
756
756
930
930
930
930
930
930
1303
1303
1303
1303
1303
1641
1641
1641
1641
1641
1867
1867
1867
1867
1867
1867
2025
2025
2025
2025
2025
2034
2034
2034
2034
2034
1999
1999
1999
1999
1999
1999
1947
1947
1947
1947
1947
1769
1769
1769
1769
1769
1566
1566
1566
1566
1566
1566
1431
1431
1431
1431
1431
1341
1341
1341
1341
1341
1273
1273
1273
1273
1273
1273
1248
1248
1248
1248
1248
1262
1262
1262
1262
1262
1339
1339
1339
1339
1339
1339
1361
1361
1361
1361
1361
1389
1389
1389
1389
1389
1382
1382
1382
1382
1382
1382
1291
1291
1291
1291
1291
1116
1116
1116
1116
1116
922
922
922
922
922
922
794
794
794
794
794
677
677
677
677
677
644
644
644
644
644
644
604
604
604
604
604
583
583
583
583
583
597
597
597
597
597
597
614
614
614
614
614
621
621
621
621
621
697
697
697
697
697
697
805
805
805
805
805
1105
1105
1105
1105
1105
1461
1461
1461
1461
1461
1461
1745
1745
1745
1745
1745
1936
1936
1936
1936
1936
1971
1971
1971
1971
1971
1971
1857
1857
1857
1857
1857
1721
1721
1721
1721
1721
1482
1482
1482
1482
1482
1482
1314
1314
1314
1314
1314
1163
1163
1163
1163
1163
1100
1100
1100
1100
1100
1100
1079
1079
1079
1079
1079
1165
1165
1165
1165
1165
1288
1288
1288
1288
1288
1288
1454
1454
1454
1454
1454
1670
1670
1670
1670
1670
1842
1842
1842
1842
1842
1842
1933
1933
1933
1933
1933
2006
2006
2006
2006
2006
1976
1976
1976
1976
1976
1976
1888
1888
1888
1888
1888
1631
1631
1631
1631
1631
1405
1405
1405
1405
1405
1405
1082
1082
1082
1082
1082
862
862
862
862
862
696
696
696
696
696
696
646
646
646
646
646
623
623
623
623
623
605
605
605
605
605
605
581
581
581
581
581
584
584
584
584
584
588
588
588
588
588
588
609
609
609
609
609
623
623
623
623
623
644
644
644
644
644
644
673
673
673
673
673
749
749
749
749
749
794
794
794
794
794
794
867
867
867
867
867
949
949
949
949
949
1033
1033
1033
1033
1033
1033
1091
1091
1091
1091
1091
1129
1129
1129
1129
1129
1165
1165
1165
1165
1165
1165
1189
1189
1189
1189
1189
1199
1199
1199
1199
1199
1252
1252
1252
1252
1252
1252
1302
1302
1302
1302
1302
1375
1375
1375
1375
1375
1415
1415
1415
1415
1415
1415
1461
1461
1461
1461
1461
1519
1519
1519
1519
1519
1578
1578
1578
1578
1578
1578
1613
1613
1613
1613
1613
1576
1576
1576
1576
1576
1601
1601
1601
1601
1601
1601
1581
1581
1581
1581
1581
1531
1531
1531
1531
1531
1499
1499
1499
1499
1499
1499
1399
1399
1399
1399
1399
1308
1308
1308
1308
1308
1175
1175
1175
1175
1175
1175
1057
1057
1057
1057
1057
938
938
938
938
938
845
845
845
845
845
845
769
769
769
769
769
763
763
763
763
763
743
743
743
743
743
743
746
746
746
746
746
756
756
756
756
756
778
778
778
778
778
778
795
795
795
795
795
822
822
822
822
822
842
842
842
842
842
842
881
881
881
881
881
898
898
898
898
898
962
962
962
962
962
962
999
999
999
999
999
1057
1057
1057
1057
1057
1118
1118
1118
1118
1118
1118
1180
1180
1180
1180
1180
1261
1261
1261
1261
1261
1280
1280
1280
1280
1280
1280
1267
1267
1267
1267
1267
1218
1218
1218
1218
1218
1149
1149
1149
1149
1149
1149
1058
1058
1058
1058
1058
964
964
964
964
964
873
873
873
873
873
873
823
823
823
823
823
742
742
742
742
742
718
718
718
718
718
718
709
709
709
709
709
705
705
705
705
705
714
714
714
714
714
714
716
716
716
716
716
730
730
730
730
730
754
754
754
754
754
754
775
775
775
775
775
811
811
811
811
811
854
854
854
854
854
854
865
865
865
865
865
908
908
908
908
908
931
931
931
931
931
931
962
962
962
962
962
993
993
993
993
993
996
996
996
996
996
996
994
994
994
994
994
937
937
937
937
937
940
940
940
940
940
940
908
908
908
908
908
894
894
894
894
894
894
894
894
894
894
894
904
904
904
904
904
895
895
895
895
895
922
922
922
922
922
922
1020
1020
1020
1020
1020
1094
1094
1094
1094
1094
1183
1183
1183
1183
1183
1183
1314
1314
1314
1314
1314
1364
1364
1364
1364
1364
1428
1428
1428
1428
1428
1428
1491
1491
1491
1491
1491
1480
1480
1480
1480
1480
1434
1434
1434
1434
1434
1434
1370
1370
1370
1370
1370
1326
1326
1326
1326
1326
1228
1228
1228
1228
1228
1228
1175
1175
1175
1175
1175
1074
1074
1074
1074
1074
1024
1024
1024
1024
1024
1024
957
957
957
957
957
902
902
902
902
902
851
851
851
851
851
851
839
839
839
839
839
840
840
840
840
840
858
858
858
858
858
858
839
839
839
839
839
886
886
886
886
886
870
870
870
870
870
870
903
903
903
903
903
898
898
898
898
898
915
915
915
915
915
915
921
921
921
921
921
942
942
942
942
942
937
937
937
937
937
937
934
934
934
934
934
919
919
919
919
919
907
907
907
907
907
907
899
899
899
899
899
920
920
920
920
920
911
911
911
911
911
911
866
866
866
866
866
855
855
855
855
855
824
824
824
824
824
824
877
877
877
877
877
874
874
874
874
874
887
887
887
887
887
887
933
933
933
933
933
1024
1024
1024
1024
1024
1020
1020
1020
1020
1020
1020
1093
1093
1093
1093
1093
1118
1118
1118
1118
1118
1183
1183
1183
1183
1183
1183
1200
1200
1200
1200
1200
1214
1214
1214
1214
1214
1180
1180
1180
1180
1180
1180
1186
1186
1186
1186
1186
1156
1156
1156
1156
1156
1107
1107
1107
1107
1107
1107
1092
1092
1092
1092
1092
1048
1048
1048
1048
1048
1027
1027
1027
1027
1027
1027
986
986
986
986
986
976
976
976
976
976
958
958
958
958
958
958
938
938
938
938
938
911
911
911
911
911
905
905
905
905
905
905
898
898
898
898
898
929
929
929
929
929
926
926
926
926
926
926
987
987
987
987
987
1019
1019
1019
1019
1019
1051
1051
1051
1051
1051
1051
1124
1124
1124
1124
1124
1117
1117
1117
1117
1117
1132
1132
1132
1132
1132
1132
1137
1137
1137
1137
1137
1142
1142
1142
1142
1142
1041
1041
1041
1041
1041
1041
992
992
992
992
992
943
943
943
943
943
919
919
919
919
919
919
881
881
881
881
881
882
882
882
882
882
896
896
896
896
896
896
954
954
954
954
954
938
938
938
938
938
996
996
996
996
996
996
1019
1019
1019
1019
1019
1052
1052
1052
1052
1052
1084
1084
1084
1084
1084
1084
1065
1065
1065
1065
1065
1089
1089
1089
1089
1089
1079
1079
1079
1079
1079
1079
1069
1069
1069
1069
1069
1043
1043
1043
1043
1043
980
980
980
980
980
980
1008
1008
1008
1008
1008
1013
1013
1013
1013
1013
1011
1011
1011
1011
1011
1011
1003
1003
1003
1003
1003
1054
1054
1054
1054
1054
998
998
998
998
998
998
984
984
984
984
984
1016
1016
1016
1016
1016
942
942
942
942
942
942
989
989
989
989
989
961
961
961
961
961
959
959
959
959
959
959
942
942
942
942
942
950
950
950
950
950
962
962
962
962
962
962
958
958
958
958
958
936
936
936
936
936
948
948
948
948
948
948
987
987
987
987
987
946
946
946
946
946
928
928
928
928
928
928
997
997
997
997
997
950
950
950
950
950
935
935
935
935
935
935
914
914
914
914
914
891
891
891
891
891
892
892
892
892
892
892
866
866
866
866
866
853
853
853
853
853
869
869
869
869
869
869
884
884
884
884
884
864
864
864
864
864
887
887
887
887
887
887
939
939
939
939
939
925
925
925
925
925
992
992
992
992
992
992
950
950
950
950
950
1006
1006
1006
1006
1006
993
993
993
993
993
993
1015
1015
1015
1015
1015
964
964
964
964
964
987
987
987
987
987
987
1013
1013
1013
1013
1013
928
928
928
928
928
987
987
987
987
987
987
1018
1018
1018
1018
1018
982
982
982
982
982
997
997
997
997
997
997
1016
1016
1016
1016
1016
1054
1054
1054
1054
1054
1085
1085
1085
1085
1085
1085
1100
1100
1100
1100
1100
1108
1108
1108
1108
1108
1110
1110
1110
1110
1110
1110
1101
1101
1101
1101
1101
1038
1038
1038
1038
1038
1019
1019
1019
1019
1019
1019
1015
1015
1015
1015
1015
953
953
953
953
953
988
988
988
988
988
988
1000
1000
1000
1000
1000
969
969
969
969
969
1019
1019
1019
1019
1019
1019
1050
1050
1050
1050
1050
1043
1043
1043
1043
1043
1030
1030
1030
1030
1030
1030
1051
1051
1051
1051
1051
1053
1053
1053
1053
1053
1034
1034
1034
1034
1034
1034
1002
1002
1002
1002
1002
986
986
986
986
986
961
961
961
961
961
961
956
956
956
956
956
909
909
909
909
909
936
936
936
936
936
936
924
924
924
924
924
968
968
968
968
968
940
940
940
940
940
940
932
932
932
932
932
953
953
953
953
953
971
971
971
971
971
971
945
945
945
945
945
965
965
965
965
965
936
936
936
936
936
936
953
953
953
953
953
949
949
949
949
949
987
987
987
987
987
987
1005
1005
1005
1005
1005
984
984
984
984
984
1008
1008
1008
1008
1008
1008
976
976
976
976
976
977
977
977
977
977
987
987
987
987
987
987
943
943
943
943
943
937
937
937
937
937
901
901
901
901
901
901
891
891
891
891
891
873
873
873
873
873
861
861
861
861
861
861
873
873
873
873
873
894
894
894
894
894
882
882
882
882
882
882
902
902
902
902
902
931
931
931
931
931
944
944
944
944
944
944
946
946
946
946
946
950
950
950
950
950
949
949
949
949
949
949
958
958
958
958
958
963
963
963
963
963
920
920
920
920
920
920
880
880
880
880
880
888
888
888
888
888
875
875
875
875
875
875
868
868
868
868
868
875
875
875
875
875
865
865
865
865
865
865
903
903
903
903
903
925
925
925
925
925
939
939
939
939
939
939
969
969
969
969
969
979
979
979
979
979
959
959
959
959
959
959
974
974
974
974
974
961
961
961
961
961
970
970
970
970
970
970
970
970
970
970
970
976
976
976
976
976
958
958
958
958
958
958
982
982
982
982
982
975
975
975
975
975
993
993
993
993
993
993
971
971
971
971
971
958
958
958
958
958
952
952
952
952
952
952
930
930
930
930
930
882
882
882
882
882
923
923
923
923
923
923
925
925
925
925
925
945
945
945
945
945
946
946
946
946
946
946
1004
1004
1004
1004
1004
987
987
987
987
987
1065
1065
1065
1065
1065
1065
1072
1072
1072
1072
1072
1078
1078
1078
1078
1078
1011
1011
1011
1011
1011
1011
1013
1013
1013
1013
1013
936
936
936
936
936
909
909
909
909
909
909
903
903
903
903
903
863
863
863
863
863
869
869
869
869
869
869
880
880
880
880
880
898
898
898
898
898
920
920
920
920
920
920
951
951
951
951
951
1039
1039
1039
1039
1039
1056
1056
1056
1056
1056
1056
1032
1032
1032
1032
1032
1042
1042
1042
1042
1042
984
984
984
984
984
984
964
964
964
964
964
956
956
956
956
956
899
899
899
899
899
899
898
898
898
898
898
885
885
885
885
885
908
908
908
908
908
908
940
940
940
940
940
986
986
986
986
986
1041
1041
1041
1041
1041
1041
1081
1081
1081
1081
1081
1093
1093
1093
1093
1093
1105
1105
1105
1105
1105
1105
1057
1057
1057
1057
1057
1006
1006
1006
1006
1006
981
981
981
981
981
981
939
939
939
939
939
932
932
932
932
932
879
879
879
879
879
879
910
910
910
910
910
956
956
956
956
956
941
941
941
941
941
941
1003
1003
1003
1003
1003
1043
1043
1043
1043
1043
1066
1066
1066
1066
1066
1066
1039
1039
1039
1039
1039
999
999
999
999
999
958
958
958
958
958
958
894
894
894
894
894
862
862
862
862
862
834
834
834
834
834
834
827
827
827
827
827
851
851
851
851
851
856
856
856
856
856
856
915
915
915
915
915
960
960
960
960
960
1062
1062
1062
1062
1062
1062
1131
1131
1131
1131
1131
1171
1171
1171
1171
1171
1198
1198
1198
1198
1198
1198
1192
1192
1192
1192
1192
1171
1171
1171
1171
1171
1102
1102
1102
1102
1102
1102
1031
1031
1031
1031
1031
1018
1018
1018
1018
1018
970
970
970
970
970
970
955
955
955
955
955
948
948
948
948
948
957
957
957
957
957
957
1001
1001
1001
1001
1001
1023
1023
1023
1023
1023
1055
1055
1055
1055
1055
1055
1099
1099
1099
1099
1099
1137
1137
1137
1137
1137
1124
1124
1124
1124
1124
1124
1140
1140
1140
1140
1140
1084
1084
1084
1084
1084
1084
1084
1084
1084
1084
1084
1037
1037
1037
1037
1037
1039
1039
1039
1039
1039
1037
1037
1037
1037
1037
1037
1022
1022
1022
1022
1022
1028
1028
1028
1028
1028
1005
1005
1005
1005
1005
1005
1009
1009
1009
1009
1009
988
988
988
988
988
1030
1030
1030
1030
1030
1030
984
984
984
984
984
968
968
968
968
968
955
955
955
955
955
955
908
908
908
908
908
922
922
922
922
922
892
892
892
892
892
892
870
870
870
870
870
893
893
893
893
893
927
927
927
927
927
927
898
898
898
898
898
925
925
925
925
925
945
945
945
945
945
945
965
965
965
965
965
976
976
976
976
976
979
979
979
979
979
979
1002
1002
1002
1002
1002
1002
1002
1002
1002
1002
987
987
987
987
987
987
961
961
961
961
961
989
989
989
989
989
959
959
959
959
959
959
975
975
975
975
975
952
952
952
952
952
951
951
951
951
951
951
944
944
944
944
944
933
933
933
933
933
918
918
918
918
918
918
927
927
927
927
927
937
937
937
937
937
971
971
971
971
971
971
943
943
943
943
943
954
954
954
954
954
960
960
960
960
960
960
981
981
981
981
981
959
959
959
959
959
1005
1005
1005
1005
1005
1005
1006
1006
1006
1006
1006
1044
1044
1044
1044
1044
1037
1037
1037
1037
1037
1037
1044
1044
1044
1044
1044
1037
1037
1037
1037
1037
1078
1078
1078
1078
1078
1078
1083
1083
1083
1083
1083
1079
1079
1079
1079
1079
1048
1048
1048
1048
1048
1048
1045
1045
1045
1045
1045
1001
1001
1001
1001
1001
986
986
986
986
986
986
928
928
928
928
928
932
932
932
932
932
925
925
925
925
925
925
924
924
924
924
924
925
925
925
925
925
910
910
910
910
910
910
928
928
928
928
928
952
952
952
952
952
939
939
939
939
939
939
960
960
960
960
960
994
994
994
994
994
984
984
984
984
984
984
976
976
976
976
976
983
983
983
983
983
966
966
966
966
966
966
984
984
984
984
984
962
962
962
962
962
958
958
958
958
958
958
932
932
932
932
932
943
943
943
943
943
925
925
925
925
925
925
882
882
882
882
882
888
888
888
888
888
897
897
897
897
897
897
891
891
891
891
891
857
857
857
857
857
875
875
875
875
875
875
888
888
888
888
888
932
932
932
932
932
944
944
944
944
944
944
980
980
980
980
980
1014
1014
1014
1014
1014
1060
1060
1060
1060
1060
1060
1062
1062
1062
1062
1062
1069
1069
1069
1069
1069
1054
1054
1054
1054
1054
1054
1066
1066
1066
1066
1066
1057
1057
1057
1057
1057
1028
1028
1028
1028
1028
1028
1021
1021
1021
1021
1021
1022
1022
1022
1022
1022
1004
1004
1004
1004
1004
1004
985
985
985
985
985
942
942
942
942
942
1013
1013
1013
1013
1013
1013
950
950
950
950
950
984
984
984
984
984
953
953
953
953
953
953
995
995
995
995
995
985
985
985
985
985
1003
1003
1003
1003
1003
1003
970
970
970
970
970
961
961
961
961
961
966
966
966
966
966
966
962
962
962
962
962
949
949
949
949
949
958
958
958
958
958
958
952
952
952
952
952
949
949
949
949
949
938
938
938
938
938
938
952
952
952
952
952
961
961
961
961
961
947
947
947
947
947
947
947
947
947
947
947
921
921
921
921
921
896
896
896
896
896
896
910
910
910
910
910
878
878
878
878
878
880
880
880
880
880
880
888
888
888
888
888
918
918
918
918
918
883
883
883
883
883
883
928
928
928
928
928
961
961
961
961
961
971
971
971
971
971
971
1020
1020
1020
1020
1020
1028
1028
1028
1028
1028
1007
1007
1007
1007
1007
1007
1034
1034
1034
1034
1034
1026
1026
1026
1026
1026
1020
1020
1020
1020
1020