958
958
958
958
958
984
984
984
984
984
961
961
961
961
961
961
987
987
987
987
987
973
973
973
973
973
971
971
971
971
971
971
986
986
986
986
986
955
955
955
955
955
973
973
973
973
973
973
977
977
977
977
977
989
989
989
989
989
972
972
972
972
972
972
1005
1005
1005
1005
1005
979
979
979
979
979
974
974
974
974
974
974
978
978
978
978
978
979
979
979
979
979
984
984
984
984
984
984
989
989
989
989
989
968
968
968
968
968
984
984
984
984
984
984
969
969
969
969
969
965
965
965
965
965
966
966
966
966
966
966
965
965
965
965
965
988
988
988
988
988
969
969
969
969
969
969
992
992
992
992
992
967
967
967
967
967
966
966
966
966
966
966
997
997
997
997
997
984
984
984
984
984
985
985
985
985
985
985
976
976
976
976
976
982
982
982
982
982
976
976
976
976
976
976
997
997
997
997
997
972
972
972
972
972
966
966
966
966
966
966
964
964
964
964
964
996
996
996
996
996
977
977
977
977
977
977
972
972
972
972
972
971
971
971
971
971
981
981
981
981
981
981
1003
1003
1003
1003
1003
976
976
976
976
976
986
986
986
986
986
986
979
979
979
979
979
970
970
970
970
970
966
966
966
966
966
966
977
977
977
977
977
974
974
974
974
974
973
973
973
973
973
973
963
963
963
963
963
965
965
965
965
965
965
965
965
965
965
965
969
969
969
969
969
972
972
972
972
972
978
978
978
978
978
978
984
984
984
984
984
975
975
975
975
975
983
983
983
983
983
983
964
964
964
964
964
985
985
985
985
985
983
983
983
983
983
983
986
986
986
986
986
979
979
979
979
979
957
957
957
957
957
957
989
989
989
989
989
987
987
987
987
987
983
983
983
983
983
983
973
973
973
973
973
1002
1002
1002
1002
1002
987
987
987
987
987
987
988
988
988
988
988
988
988
988
988
988
971
971
971
971
971
971
979
979
979
979
979
993
993
993
993
993
989
989
989
989
989
989
973
973
973
973
973
983
983
983
983
983
954
954
954
954
954
954
985
985
985
985
985
963
963
963
963
963
988
988
988
988
988
988
990
990
990
990
990
991
991
991
991
991
989
989
989
989
989
989
988
988
988
988
988
983
983
983
983
983
985
985
985
985
985
985
980
980
980
980
980
999
999
999
999
999
994
994
994
994
994
994
987
987
987
987
987
1002
1002
1002
1002
1002
987
987
987
987
987
987
989
989
989
989
989
980
980
980
980
980
961
961
961
961
961
961
987
987
987
987
987
970
970
970
970
970
975
975
975
975
975
975
967
967
967
967
967
961
961
961
961
961
978
978
978
978
978
978
964
964
964
964
964
965
965
965
965
965
983
983
983
983
983
983
957
957
957
957
957
996
996
996
996
996
985
985
985
985
985
985
992
992
992
992
992
982
982
982
982
982
984
984
984
984
984
984
1001
1001
1001
1001
1001
982
982
982
982
982
985
985
985
985
985
985
960
960
960
960
960
993
993
993
993
993
983
983
983
983
983
983
997
997
997
997
997
1011
1011
1011
1011
1011
985
985
985
985
985
985
973
973
973
973
973
964
964
964
964
964
991
991
991
991
991
991
978
978
978
978
978
989
989
989
989
989
977
977
977
977
977
977
999
999
999
999
999
1018
1018
1018
1018
1018
961
961
961
961
961
961
978
978
978
978
978
993
993
993
993
993
997
997
997
997
997
997
991
991
991
991
991
998
998
998
998
998
973
973
973
973
973
973
981
981
981
981
981
978
978
978
978
978
981
981
981
981
981
981
1000
1000
1000
1000
1000
975
975
975
975
975
981
981
981
981
981
981
978
978
978
978
978
981
981
981
981
981
1004
1004
1004
1004
1004
1004
993
993
993
993
993
976
976
976
976
976
995
995
995
995
995
995
983
983
983
983
983
974
974
974
974
974
963
963
963
963
963
963
966
966
966
966
966
982
982
982
982
982
955
955
955
955
955
955
969
969
969
969
969
958
958
958
958
958
979
979
979
979
979
979
957
957
957
957
957
974
974
974
974
974
973
973
973
973
973
973
957
957
957
957
957
960
960
960
960
960
963
963
963
963
963
963
935
935
935
935
935
974
974
974
974
974
966
966
966
966
966
966
961
961
961
961
961
984
984
984
984
984
959
959
959
959
959
959
984
984
984
984
984
987
987
987
987
987
988
988
988
988
988
988
990
990
990
990
990
988
988
988
988
988
992
992
992
992
992
992
996
996
996
996
996
987
987
987
987
987
983
983
983
983
983
983
963
963
963
963
963
959
959
959
959
959
968
968
968
968
968
968
974
974
974
974
974
954
954
954
954
954
972
972
972
972
972
972
962
962
962
962
962
960
960
960
960
960
943
943
943
943
943
943
970
970
970
970
970
957
957
957
957
957
958
958
958
958
958
958
990
990
990
990
990
981
981
981
981
981
990
990
990
990
990
990
985
985
985
985
985
973
973
973
973
973
974
974
974
974
974
974
998
998
998
998
998
998
998
998
998
998
1011
1011
1011
1011
1011
1011
993
993
993
993
993
993
993
993
993
993
988
988
988
988
988
988
995
995
995
995
995
999
999
999
999
999
985
985
985
985
985
985
962
962
962
962
962
965
965
965
965
965
962
962
962
962
962
962
951
951
951
951
951
945
945
945
945
945
968
968
968
968
968
968
953
953
953
953
953
926
926
926
926
926
952
952
952
952
952
952
969
969
969
969
969
997
997
997
997
997
1012
1012
1012
1012
1012
1012
1038
1038
1038
1038
1038
1042
1042
1042
1042
1042
1059
1059
1059
1059
1059
1059
1082
1082
1082
1082
1082
1054
1054
1054
1054
1054
1077
1077
1077
1077
1077
1077
1049
1049
1049
1049
1049
1040
1040
1040
1040
1040
1046
1046
1046
1046
1046
1046
1020
1020
1020
1020
1020
1004
1004
1004
1004
1004
999
999
999
999
999
999
991
991
991
991
991
1004
1004
1004
1004
1004
1008
1008
1008
1008
1008
1008
979
979
979
979
979
981
981
981
981
981
976
976
976
976
976
976
950
950
950
950
950
940
940
940
940
940
911
911
911
911
911
911
898
898
898
898
898
913
913
913
913
913
953
953
953
953
953
953
959
959
959
959
959
1011
1011
1011
1011
1011
1031
1031
1031
1031
1031
1031
1074
1074
1074
1074
1074
1087
1087
1087
1087
1087
1106
1106
1106
1106
1106
1106
1092
1092
1092
1092
1092
1105
1105
1105
1105
1105
1080
1080
1080
1080
1080
1080
1078
1078
1078
1078
1078
1057
1057
1057
1057
1057
1072
1072
1072
1072
1072
1072
1060
1060
1060
1060
1060
1048
1048
1048
1048
1048
1067
1067
1067
1067
1067
1067
1059
1059
1059
1059
1059
1044
1044
1044
1044
1044
1035
1035
1035
1035
1035
1035
1029
1029
1029
1029
1029
1007
1007
1007
1007
1007
1020
1020
1020
1020
1020
1020
1021
1021
1021
1021
1021
1013
1013
1013
1013
1013
1009
1009
1009
1009
1009
1009
996
996
996
996
996
989
989
989
989
989
1000
1000
1000
1000
1000
1000
1008
1008
1008
1008
1008
1029
1029
1029
1029
1029
1038
1038
1038
1038
1038
1038
1068
1068
1068
1068
1068
1078
1078
1078
1078
1078
1085
1085
1085
1085
1085
1085
1089
1089
1089
1089
1089
1057
1057
1057
1057
1057
1045
1045
1045
1045
1045
1045
1036
1036
1036
1036
1036
1028
1028
1028
1028
1028
1002
1002
1002
1002
1002
1002
967
967
967
967
967
934
934
934
934
934
875
875
875
875
875
875
840
840
840
840
840
824
824
824
824
824
783
783
783
783
783
783
771
771
771
771
771
799
799
799
799
799
815
815
815
815
815
815
850
850
850
850
850
911
911
911
911
911
969
969
969
969
969
969
1070
1070
1070
1070
1070
1118
1118
1118
1118
1118
1159
1159
1159
1159
1159
1159
1132
1132
1132
1132
1132
1060
1060
1060
1060
1060
1003
1003
1003
1003
1003
1003
937
937
937
937
937
892
892
892
892
892
863
863
863
863
863
863
835
835
835
835
835
829
829
829
829
829
835
835
835
835
835
835
873
873
873
873
873
871
871
871
871
871
890
890
890
890
890
890
896
896
896
896
896
914
914
914
914
914
912
912
912
912
912
912
942
942
942
942
942
948
948
948
948
948
926
926
926
926
926
926
906
906
906
906
906
897
897
897
897
897
861
861
861
861
861
861
841
841
841
841
841
814
814
814
814
814
787
787
787
787
787
787
775
775
775
775
775
766
766
766
766
766
752
752
752
752
752
752
762
762
762
762
762
733
733
733
733
733
722
722
722
722
722
722
701
701
701
701
701
692
692
692
692
692
693
693
693
693
693
693
678
678
678
678
678
659
659
659
659
659
659
659
659
659
659
659
644
644
644
644
644
664
664
664
664
664
677
677
677
677
677
677
704
704
704
704
704
789
789
789
789
789
951
951
951
951
951
951
1225
1225
1225
1225
1225
1554
1554
1554
1554
1554
1911
1911
1911
1911
1911
1911
2161
2161
2161
2161
2161
2282
2282
2282
2282
2282
2333
2333
2333
2333
2333
2333
2153
2153
2153
2153
2153
1848
1848
1848
1848
1848
1451
1451
1451
1451
1451
1451
1044
1044
1044
1044
1044
783
783
783
783
783
667
667
667
667
667
667
626
626
626
626
626
611
611
611
611
611
603
603
603
603
603
603
608
608
608
608
608
640
640
640
640
640
701
701
701
701
701
701
790
790
790
790
790
971
971
971
971
971
1281
1281
1281
1281
1281
1281
1575
1575
1575
1575
1575
1848
1848
1848
1848
1848
2027
2027
2027
2027
2027
2027
2138
2138
2138
2138
2138
2138
2138
2138
2138
2138
2069
2069
2069
2069
2069
2069
1945
1945
1945
1945
1945
1730
1730
1730
1730
1730
1524
1524
1524
1524
1524
1524
1276
1276
1276
1276
1276
1075
1075
1075
1075
1075
915
915
915
915
915
915
828
828
828
828
828
757
757
757
757
757
726
726
726
726
726
726
707
707
707
707
707
708
708
708
708
708
716
716
716
716
716
716
763
763
763
763
763
859
859
859
859
859
1039
1039
1039
1039
1039
1039
1304
1304
1304
1304
1304
1632
1632
1632
1632
1632
1921
1921
1921
1921
1921
1921
2147
2147
2147
2147
2147
2258
2258
2258
2258
2258
2251
2251
2251
2251
2251
2251
2120
2120
2120
2120
2120
1886
1886
1886
1886
1886
1530
1530
1530
1530
1530
1530
1232
1232
1232
1232
1232
991
991
991
991
991
853
853
853
853
853
853
781
781
781
781
781
746
746
746
746
746
778
778
778
778
778
778
824
824
824
824
824
923
923
923
923
923
1074
1074
1074
1074
1074
1074
1348
1348
1348
1348
1348
1565
1565
1565
1565
1565
1796
1796
1796
1796
1796
1796
1950
1950
1950
1950
1950
2007
2007
2007
2007
2007
1971
1971
1971
1971
1971
1971
1853
1853
1853
1853
1853
1690
1690
1690
1690
1690
1482
1482
1482
1482
1482
1482
1278
1278
1278
1278
1278
1126
1126
1126
1126
1126
1014
1014
1014
1014
1014
1014
925
925
925
925
925
925
925
925
925
925
910
910
910
910
910
910
963
963
963
963
963
996
996
996
996
996
1084
1084
1084
1084
1084
1084
1188
1188
1188
1188
1188
1275
1275
1275
1275
1275
1332
1332
1332
1332
1332
1332
1349
1349
1349
1349
1349
1345
1345
1345
1345
1345
1321
1321
1321
1321
1321
1321
1228
1228
1228
1228
1228
1141
1141
1141
1141
1141
1072
1072
1072
1072
1072
1072
1015
1015
1015
1015
1015
1021
1021
1021
1021
1021
1015
1015
1015
1015
1015
1015
1046
1046
1046
1046
1046
1087
1087
1087
1087
1087
1124
1124
1124
1124
1124
1124
1151
1151
1151
1151
1151
1164
1164
1164
1164
1164
1183
1183
1183
1183
1183
1183
1202
1202
1202
1202
1202
1205
1205
1205
1205
1205
1248
1248
1248
1248
1248
1248
1300
1300
1300
1300
1300
1352
1352
1352
1352
1352
1334
1334
1334
1334
1334
1334
1335
1335
1335
1335
1335
1267
1267
1267
1267
1267
1184
1184
1184
1184
1184
1184
1079
1079
1079
1079
1079
994
994
994
994
994
913
913
913
913
913
913
844
844
844
844
844
797
797
797
797
797
791
791
791
791
791
791
783
783
783
783
783
788
788
788
788
788
811
811
811
811
811
811
842
842
842
842
842
883
883
883
883
883
910
910
910
910
910
910
929
929
929
929
929
946
946
946
946
946
912
912
912
912
912
912
909
909
909
909
909
875
875
875
875
875
868
868
868
868
868
868
842
842
842
842
842
824
824
824
824
824
821
821
821
821
821
821
812
812
812
812
812
789
789
789
789
789
753
753
753
753
753
753
747
747
747
747
747
740
740
740
740
740
742
742
742
742
742
742
742
742
742
742
742
763
763
763
763
763
761
761
761
761
761
761
795
795
795
795
795
810
810
810
810
810
831
831
831
831
831
831
856
856
856
856
856
919
919
919
919
919
949
949
949
949
949
949
985
985
985
985
985
1008
1008
1008
1008
1008
1013
1013
1013
1013
1013
1013
992
992
992
992
992
997
997
997
997
997
974
974
974
974
974
974
963
963
963
963
963
945
945
945
945
945
909
909
909
909
909
909
883
883
883
883
883
856
856
856
856
856
866
866
866
866
866
866
837
837
837
837
837
846
846
846
846
846
860
860
860
860
860
860
877
877
877
877
877
900
900
900
900
900
900
900
900
900
900
900
905
905
905
905
905
879
879
879
879
879
910
910
910
910
910
910
866
866
866
866
866
867
867
867
867
867
855
855
855
855
855
855
853
853
853
853
853
833
833
833
833
833
824
824
824
824
824
824
859
859
859
859
859
851
851
851
851
851
852
852
852
852
852
852
849
849
849
849
849
863
863
863
863
863
843
843
843
843
843
843
862
862
862
862
862
855
855
855
855
855
847
847
847
847
847
847
876
876
876
876
876
843
843
843
843
843
880
880
880
880
880
880
888
888
888
888
888
898
898
898
898
898
897
897
897
897
897
897
901
901
901
901
901
914
914
914
914
914
891
891
891
891
891
891
879
879
879
879
879
890
890
890
890
890
877
877
877
877
877
877
926
926
926
926
926
937
937
937
937
937
1003
1003
1003
1003
1003
1003
1034
1034
1034
1034
1034
1080
1080
1080
1080
1080
1105
1105
1105
1105
1105
1105
1107
1107
1107
1107
1107
1111
1111
1111
1111
1111
1066
1066
1066
1066
1066
1066
1000
1000
1000
1000
1000
922
922
922
922
922
880
880
880
880
880
880
829
829
829
829
829
777
777
777
777
777
777
777
777
777
777
777
773
773
773
773
773
800
800
800
800
800
761
761
761
761
761
761
827
827
827
827
827
855
855
855
855
855
932
932
932
932
932
932
995
995
995
995
995
1042
1042
1042
1042
1042
1092
1092
1092
1092
1092
1092
1155
1155
1155
1155
1155
1175
1175
1175
1175
1175
1171
1171
1171
1171
1171
1171
1162
1162
1162
1162
1162
1143
1143
1143
1143
1143
1114
1114
1114
1114
1114
1114
1059
1059
1059
1059
1059
1021
1021
1021
1021
1021
1020
1020
1020
1020
1020
1020
1030
1030
1030
1030
1030
1061
1061
1061
1061
1061
1084
1084
1084
1084
1084
1084
1140
1140
1140
1140
1140
1129
1129
1129
1129
1129
1134
1134
1134
1134
1134
1134
1118
1118
1118
1118
1118
1078
1078
1078
1078
1078
1010
1010
1010
1010
1010
1010
961
961
961
961
961
880
880
880
880
880
870
870
870
870
870
870
868
868
868
868
868
894
894
894
894
894
932
932
932
932
932
932
996
996
996
996
996
1087
1087
1087
1087
1087
1154
1154
1154
1154
1154
1154
1242
1242
1242
1242
1242
1264
1264
1264
1264
1264
1192
1192
1192
1192
1192
1192
1155
1155
1155
1155
1155
1063
1063
1063
1063
1063
999
999
999
999
999
999
876
876
876
876
876
836
836
836
836
836
817
817
817
817
817
817
801
801
801
801
801
825
825
825
825
825
836
836
836
836
836
836
911
911
911
911
911
965
965
965
965
965
1075
1075
1075
1075
1075
1075
1159
1159
1159
1159
1159
1233
1233
1233
1233
1233
1333
1333
1333
1333
1333
1333
1338
1338
1338
1338
1338
1313
1313
1313
1313
1313
1251
1251
1251
1251
1251
1251
1230
1230
1230
1230
1230
1142
1142
1142
1142
1142
1060
1060
1060
1060
1060
1060
984
984
984
984
984
945
945
945
945
945
866
866
866
866
866
866
849
849
849
849
849
847
847
847
847
847
873
873
873
873
873
873
896
896
896
896
896
917
917
917
917
917
940
940
940
940
940
940
982
982
982
982
982
1002
1002
1002
1002
1002
1042
1042
1042
1042
1042
1042
1091
1091
1091
1091
1091
1068
1068
1068
1068
1068
1106
1106
1106
1106
1106
1106
1089
1089
1089
1089
1089
1078
1078
1078
1078
1078
1096
1096
1096
1096
1096
1096
1047
1047
1047
1047
1047
1039
1039
1039
1039
1039
1001
1001
1001
1001
1001
1001
996
996
996
996
996
960
960
960
960
960
953
953
953
953
953
953
928
928
928
928
928
910
910
910
910
910
913
913
913
913
913
913
882
882
882
882
882
893
893
893
893
893
922
922
922
922
922
922
949
949
949
949
949
960
960
960
960
960
1018
1018
1018
1018
1018
1018
1023
1023
1023
1023
1023
1054
1054
1054
1054
1054
1064
1064
1064
1064
1064
1064
1054
1054
1054
1054
1054
1027
1027
1027
1027
1027
1006
1006
1006
1006
1006
1006
949
949
949
949
949
924
924
924
924
924
881
881
881
881
881
881
904
904
904
904
904
887
887
887
887
887
896
896
896
896
896
896
937
937
937
937
937
941
941
941
941
941
955
955
955
955
955
955
979
979
979
979
979
952
952
952
952
952
930
930
930
930
930
930
923
923
923
923
923
907
907
907
907
907
913
913
913
913
913
913
915
915
915
915
915
933
933
933
933
933
968
968
968
968
968
968
1003
1003
1003
1003
1003
1022
1022
1022
1022
1022
1031
1031
1031
1031
1031
1031
1054
1054
1054
1054
1054
994
994
994
994
994
980
980
980
980
980
980
914
914
914
914
914
873
873
873
873
873
836
836
836
836
836
836
798
798
798
798
798
762
762
762
762
762
759
759
759
759
759
759
766
766
766
766
766
772
772
772
772
772
797
797
797
797
797
797
824
824
824
824
824
864
864
864
864
864
901
901
901
901
901
901
921
921
921
921
921
964
964
964
964
964
955
955
955
955
955
955
941
941
941
941
941
938
938
938
938
938
936
936
936
936
936
936
901
901
901
901
901
865
865
865
865
865
850
850
850
850
850
850
847
847
847
847
847
856
856
856
856
856
846
846
846
846
846
846
836
836
836
836
836
860
860
860
860
860
882
882
882
882
882
882
861
861
861
861
861
912
912
912
912
912
904
904
904
904
904
904
922
922
922
922
922
915
915
915
915
915
910
910
910
910
910
910
863
863
863
863
863
865
865
865
865
865
844
844
844
844
844
844
829
829
829
829
829
836
836
836
836
836
838
838
838
838
838
838
869
869
869
869
869
924
924
924
924
924
954
954
954
954
954
954
1018
1018
1018
1018
1018
1097
1097
1097
1097
1097
1140
1140
1140
1140
1140
1140
1161
1161
1161
1161
1161
1164
1164
1164
1164
1164
1143
1143
1143
1143
1143
1143
1098
1098
1098
1098
1098
1043
1043
1043
1043
1043
996
996
996
996
996
996
940
940
940
940
940
903
903
903
903
903
898
898
898
898
898
898
915
915
915
915
915
936
936
936
936
936
989
989
989
989
989
989
1037
1037
1037
1037
1037
1090
1090
1090
1090
1090
1124
1124
1124
1124
1124
1124
1152
1152
1152
1152
1152
1142
1142
1142
1142
1142
1146
1146
1146
1146
1146
1146
1120
1120
1120
1120
1120
1098
1098
1098
1098
1098
1052
1052
1052
1052
1052
1052
1032
1032
1032
1032
1032
1034
1034
1034
1034
1034
1007
1007
1007
1007
1007
1007
1015
1015
1015
1015
1015
1003
1003
1003
1003
1003
1007
1007
1007
1007
1007
1007
1007
1007
1007
1007
1007
988
988
988
988
988
1000
1000
1000
1000
1000
1000
989
989
989
989
989
996
996
996
996
996
1004
1004
1004
1004
1004
1004
991
991
991
991
991
982
982
982
982
982
975
975
975
975
975
975
982
982
982
982
982
974
974
974
974
974
953
953
953
953
953
953
938
938
938
938
938
939
939
939
939
939
930
930
930
930
930
930
907
907
907
907
907
924
924
924
924
924
954
954
954
954
954
954
958
958
958
958
958
981
981
981
981
981
1012
1012
1012
1012
1012
1012
1024
1024
1024
1024
1024
1017
1017
1017
1017
1017
1005
1005
1005
1005
1005
1005
991
991
991
991
991
957
957
957
957
957
935
935
935
935
935
935
929
929
929
929
929
937
937
937
937
937
928
928
928
928
928
928
956
956
956
956
956
986
986
986
986
986
1036
1036
1036
1036
1036
1036
1064
1064
1064
1064
1064
1124
1124
1124
1124
1124
1163
1163
1163
1163
1163
1163
1172
1172
1172
1172
1172
1168
1168
1168
1168
1168
1157
1157
1157
1157
1157
1157
1128
1128
1128
1128
1128
1102
1102
1102
1102
1102
1054
1054
1054
1054
1054
1054
1039
1039
1039
1039
1039
1032
1032
1032
1032
1032
1020
1020
1020
1020
1020
1020
1036
1036
1036
1036
1036
1061
1061
1061
1061
1061
1100
1100
1100
1100
1100
1100
1121
1121
1121
1121
1121
1173
1173
1173
1173
1173
1200
1200
1200
1200
1200
1200
1225
1225
1225
1225
1225
1217
1217
1217
1217
1217
1187
1187
1187
1187
1187
1187
1159
1159
1159
1159
1159
1121
1121
1121
1121
1121
1086
1086
1086
1086
1086
1086
1047
1047
1047
1047
1047
1035
1035
1035
1035
1035
1028
1028
1028
1028
1028
1028
1057
1057
1057
1057
1057
1076
1076
1076
1076
1076
1126
1126
1126
1126
1126
1126
1163
1163
1163
1163
1163
1198
1198
1198
1198
1198
1203
1203
1203
1203
1203
1203
1214
1214
1214
1214
1214
1200
1200
1200
1200
1200
1157
1157
1157
1157
1157
1157
1122
1122
1122
1122
1122
1087
1087
1087
1087
1087
1076
1076
1076
1076
1076
1076
1046
1046
1046
1046
1046
1050
1050
1050
1050
1050
1060
1060
1060
1060
1060
1060
1066
1066
1066
1066
1066
1111
1111
1111
1111
1111
1123
1123
1123
1123
1123
1123
1161
1161
1161
1161
1161
1183
1183
1183
1183
1183
1170
1170
1170
1170
1170
1170
1134
1134
1134
1134
1134
1105
1105
1105
1105
1105
1070
1070
1070
1070
1070
1070
1031
1031
1031
1031
1031
999
999
999
999
999
967
967
967
967
967
967
957
957
957
957
957
940
940
940
940
940
955
955
955
955
955
955
992
992
992
992
992
1010
1010
1010
1010
1010
1043
1043
1043
1043
1043
1043
1086
1086
1086
1086
1086
1115
1115
1115
1115
1115
1116
1116
1116
1116
1116
1116
1137
1137
1137
1137
1137
1120
1120
1120
1120
1120
1086
1086
1086
1086
1086
1086
1058
1058
1058
1058
1058
1031
1031
1031
1031
1031
1000
1000
1000
1000
1000
1000
976
976
976
976
976
963
963
963
963
963
951
951
951
951
951
951
922
922
922
922
922
909
909
909
909
909
895
895
895
895
895
895
885
885
885
885
885
865
865
865
865
865
839
839
839
839
839
839
852
852
852
852
852
845
845
845
845
845
839
839
839
839
839
839
845
845
845
845
845
846
846
846
846
846
852
852
852
852
852
852
866
866
866
866
866
881
881
881
881
881
897
897
897
897
897
897
892
892
892
892
892
916
916
916
916
916
884
884
884
884
884
884
872
872
872
872
872
850
850
850
850
850
833
833
833
833
833
833
809
809
809
809
809
799
799
799
799
799
791
791
791
791
791
791
793
793
793
793
793
773
773
773
773
773
793
793
793
793
793
793
792
792
792
792
792
802
802
802
802
802
810
810
810
810
810
810
820
820
820
820
820
813
813
813
813
813
809
809
809
809
809
809
800
800
800
800
800
818
818
818
818
818
833
833
833
833
833
833
834
834
834
834
834
843
843
843
843
843
865
865
865
865
865
865
874
874
874
874
874
893
893
893
893
893
919
919
919
919
919
919
922
922
922
922
922
938
938
938
938
938
923
923
923
923
923
923
940
940
940
940
940
950
950
950
950
950
934
934
934
934
934
934
929
929
929
929
929
907
907
907
907
907
895
895
895
895
895
895
892
892
892
892
892
876
876
876
876
876
874
874
874
874
874
874
854
854
854
854
854
876
876
876
876
876
881
881
881
881
881
881
872
872
872
872
872
868
868
868
868
868
892
892
892
892
892
892
865
865
865
865
865
877
877
877
877
877
873
873
873
873
873
873
897
897
897
897
897
908
908
908
908
908
886
886
886
886
886
886
926
926
926
926
926
896
896
896
896
896
929
929
929
929
929
929
956
956
956
956
956
962
962
962
962
962
939
939
939
939
939
939
936
936
936
936
936
899
899
899
899
899
905
905
905
905
905
905
876
876
876
876
876
836
836
836
836
836
849
849
849
849
849
849
861
861
861
861
861
863
863
863
863
863
862
862
862
862
862
862
895
895
895
895
895
896
896
896
896
896
909
909
909
909
909
909
921
921
921
921
921
933
933
933
933
933
965
965
965
965
965
965
944
944
944
944
944
955
955
955
955
955
955
955
955
955
955
955
932
932
932
932
932
945
945